# NaN NaN NaN ;Mean Elev.(m), Avg Gradient(m/km), RMS Gradient(m/km) - SRTM1     
#    4.814  -1.369   3.201 ;Mean Elev.(m), Avg Gradient(m/km), RMS Gradient(m/km) - ASTER GDEM
#    0.562  -1.814   4.582 ;Mean Elev.(m), Avg Gradient(m/km), RMS Gradient(m/km) - GMTED2010 
   1  43.461341  66.148573     4.730     7.781  7 54662.45187469 28.220
   2  43.486220  66.149206    -0.524    -0.750 15 54672.36752204 33.331
   3  43.495210  66.150319    -1.789    -1.995 15 54682.28316650 39.720
   4  43.505024  66.150989    -0.223    -1.072 16 54692.19880981 35.234
   5  43.495705  66.150517     6.383     6.861 15 54702.11444897 21.981
   6  43.487705  66.148839    19.626    20.466 15 54712.03009627 25.360
   7  43.475123  66.147245     1.631     1.567 15 54721.94574615 48.758
   8  43.475116  66.146405    -1.324    -1.369 15 54731.86139462 39.579
   9  43.475791  66.146904    -0.757    -1.191 15 54741.77704155 37.224
  10  43.480659  66.147503    -1.300    -1.203 15 54751.69268874 37.219
  11  43.479213  66.147479    17.091    16.563 15 54761.60833514 28.920
  12  43.475818  66.146464    14.986    15.497 14 54771.52397894 26.080
  13  43.473525  66.145565    14.816    15.538 14 54781.43961976 23.821
  14  43.470206  66.145309    -0.448    -0.468 14 54791.35525792 51.798
  17  43.481539  66.148210    -0.121    -0.099 16 54821.10217427 45.884
  18  43.480604  66.148120     3.712     3.840 15 54831.01782637 31.640
  19  43.482449  66.148327     2.434     2.383 16 54840.93346525 50.817
  20  43.490901  66.149338    -0.158    -0.163 15 54850.84911498 52.665
  21  43.500716  66.150779    -2.125    -2.298 15 54860.76476443 49.411
  22  43.508711  66.151515    -3.220    -3.265 16 54870.68041380 47.005
  23  43.494545  66.150359    -0.406    -0.449 15 54880.59605977 47.350
  24  43.479676  66.147926     4.060     4.065 15 54890.51170245 48.423
  25  43.471104  66.145865     3.890     3.810 14 54900.42734269 43.631
  26  43.471374  66.145946    -0.286    -0.245 14 54910.34298171 46.747
  27  43.478416  66.147419    -2.328    -2.437 15 54920.25862014 47.269
  28  43.483158  66.148389    -2.551    -2.748 15 54930.17425791 51.289
  29  43.477066  66.147526    -0.733    -0.661 15 54940.08989357 25.667
  30  43.469510  66.145745     3.454     3.399 14 54950.00552746 48.857
  31  43.467940  66.144573     3.767     3.720 13 54959.92116634 55.763
  32  43.471587  66.145295    11.393    13.843 14 54969.83681527 29.200
  33  43.476744  66.146961    -0.297    -0.934 15 54979.75246316 36.301
  34  43.480791  66.148274    -1.148    -1.821 16 54989.66811077 40.209
  35  43.481945  66.148349     1.382     1.129 15 54999.58375809 25.310
  36  43.480456  66.148158     6.753     9.649 15 55009.49940339 26.067
  37  43.481907  66.148162     3.111     3.086 15 55019.41504726 26.259
  38  43.490687  66.149258    -0.458    -0.373 15 55029.33069049 29.854
  39  43.497638  66.150589    -0.243    -0.445 15 55039.24633298 28.850
  40  43.505226  66.151193    -1.715    -1.787 16 55049.16197423 52.877
  41  43.491362  66.149809    -0.063    -0.419 15 55059.07761144 36.366
  42  43.475051  66.147200    15.646    15.611 15 55068.99324938 27.277
  43  43.469726  66.145112    14.175    15.361 14 55078.90889866 23.922
  44  43.468601  66.145129     3.903     1.675 14 55088.82454618 28.710
  45  43.477044  66.146813     0.338     0.438 14 55098.74019319 30.692
  46  43.484146  66.148369    -0.930    -1.101 15 55108.65583957 40.062
  47  43.479457  66.147915    -2.240    -2.334 15 55118.57148379 50.826
  48  43.472553  66.145804    -0.364    -0.389 14 55128.48712541 49.592
  49  43.465953  66.144041    14.049    14.578 13 55138.40276496 21.600
  50  43.466529  66.144463     2.927     2.935 13 55148.31840364 38.123
  51  43.476442  66.146763    -0.085    -0.141 15 55158.23404265 46.429
  52  43.485958  66.148781    -1.406    -1.390 15 55168.14968141 46.545
  53  43.487232  66.149276    -2.016    -2.190 15 55178.06531870 48.871
  54  43.481801  66.148335    -1.376    -1.418 15 55187.98096290 47.421
  55  43.482167  66.147997     1.658     1.654 15 55197.89661371 37.041
  56  43.483880  66.148959     3.261     3.230 15 55207.81226363 44.588
  57  43.498522  66.150552     0.012    -0.041 16 55217.72791419 51.178
  58  43.500136  66.150898    -0.902    -0.906 16 55227.64356286 48.589
  59  43.491668  66.149355    -1.607    -1.560 15 55237.55920775 49.168
  60  43.476603  66.146619    -1.019    -0.997 15 55247.47484855 44.695
  61  43.468589  66.144713    -0.713    -0.692 14 55257.39048749 46.041
  62  43.470010  66.145040     2.182     2.186 14 55267.30612641 50.336
  63  43.476995  66.146984     0.367     0.415 15 55277.22176531 48.885
  64  43.480091  66.148245    -0.663    -0.658 15 55287.13740270 52.726
  65  43.478362  66.147715    -1.637    -1.704 15 55297.05303736 45.660
  66  43.471502  66.145641    -1.897    -1.995 14 55306.96867789 50.534
  67  43.466653  66.144189    -0.815    -0.870 13 55316.88432408 53.333
  68  43.470592  66.144757     2.290     2.262 14 55326.79996986 51.656
  69  43.476256  66.146904    11.208    11.885 15 55336.71561481 27.418
  70  43.486898  66.148882     0.330     0.323 15 55346.63125975 42.865
  71  43.489284  66.149410    -1.210    -1.445 16 55356.54690255 35.087
  72  43.487243  66.148978    -1.775    -1.586 15 55366.46254293 37.399
  73  43.485156  66.148493    -1.426    -1.333 15 55376.37818183 28.894
  74  43.487706  66.148892    12.714    13.951 15 55386.29382022 22.059
  75  43.490619  66.149667    11.390    13.427 15 55396.20945774 21.248
  76  43.491734  66.149918     0.525     0.180 15 55406.12509918 26.330
  77  43.487471  66.148741    -0.941    -0.811 15 55416.04075009 36.866
  78  43.475712  66.146459    -1.754    -1.762 15 55425.95639700 38.068
  79  43.467995  66.144786    -1.873    -1.917 14 55435.87204161 42.084
  80  43.469292  66.144926     8.628     9.311 13 55445.78768571 24.111
  82  43.480175  66.147858     8.726    12.474 15 55465.61897250 30.898
  83  43.479558  66.147597     0.639     0.380 16 55475.53461201 30.426
  84  43.473503  66.145904    -0.579    -0.739 14 55485.45024792 36.730
  85  43.466364  66.144364    -1.926    -1.961 13 55495.36588161 43.868
  86  43.470540  66.144924     0.520     0.516 13 55505.28151591 45.705
  87  43.475709  66.146948     2.559     2.524 15 55515.19716691 33.187
  88  43.485517  66.148949     1.203     1.188 15 55525.11281743 51.672
  89  43.488473  66.149623     0.241     0.263 15 55535.02846539 52.899
  90  43.490797  66.149178    -1.856    -1.956 15 55544.94411128 49.482
  91  43.488836  66.148841    -2.455    -2.607 15 55554.85975490 46.220
  92  43.487461  66.149212    -1.819    -1.811 15 55564.77539762 50.785
  93  43.489492  66.149579     2.677     2.667 15 55574.69104005 42.729
  94  43.488879  66.148948     2.515     2.523 15 55584.60668068 48.200
  95  43.476501  66.147434     1.468     1.496 15 55594.52231686 49.606
  96  43.472315  66.145910    -1.836    -1.756 14 55604.43795048 48.075
  97  43.472462  66.145311    -1.869    -1.829 14 55614.35358242 47.724
  98  43.473131  66.145821    -1.915    -1.910 14 55624.26922109 42.087
  99  43.474905  66.146712     2.482     2.461 15 55634.18487383 49.137
 100  43.477495  66.147066     3.342     3.337 15 55644.10052441 47.743
 101  43.475128  66.146679     1.121     1.181 15 55654.01617170 28.311
 102  43.472664  66.145723    -1.914    -1.985 14 55663.93181451 52.699
 103  43.470729  66.145361    -2.217    -2.257 13 55673.84745440 43.378
 104  43.472225  66.146020    -1.932    -1.823 14 55683.76309307 39.168
 105  43.478391  66.147476    13.913    18.430 15 55693.67873086 27.293
 106  43.484764  66.148799     3.360     3.385 15 55703.59436722 35.172
 107  43.488305  66.149309     6.681     3.419 16 55713.51001258 24.479
 108  43.491188  66.149273    -0.521    -0.605 15 55723.42566207 29.076
 109  43.491035  66.149323    -1.823    -1.801 15 55733.34130931 37.218
 110  43.487701  66.149487    -2.048    -2.041 15 55743.25695499 38.676
 111  43.491236  66.149294     0.507     0.292 15 55753.17259992 26.112
 112  43.480406  66.148163     3.427     3.449 16 55763.08824125 44.982
 113  43.476665  66.146661     6.554     7.380 15 55773.00388043 22.546
 114  43.472864  66.145382    -0.353    -0.372 14 55782.91951613 27.831
 115  43.470463  66.145545    -1.666    -1.606 14 55792.83514941 39.977
 116  43.476257  66.146502    -1.763    -1.698 14 55802.75078455 37.840
 117  43.480220  66.147240    -1.919    -1.953 15 55812.66643483 49.316
 118  43.474633  66.146949    10.062    12.078 15 55822.58208253 26.448
 119  43.471445  66.146026     9.512    10.309 14 55832.49772565 23.833
 120  43.472806  66.145341    14.324    14.894 14 55842.41336477 23.176
 121  43.472159  66.145696    -1.804    -1.713 14 55852.32900065 40.219
 122  43.478963  66.147194    -2.149    -2.195 15 55862.24463558 44.716
 123  43.481576  66.148525    -2.390    -2.532 15 55872.16029027 45.594
 133  43.472960  66.145834    -1.317    -1.379 15 55971.31672806 47.748
 134  43.477138  66.147464    -1.690    -1.639 15 55981.23236457 51.336
 135  43.480408  66.147821    -2.230    -2.270 16 55991.14799975 42.388
 136  43.477139  66.146896     1.177     1.194 15 56001.06364520 50.138
 137  43.469246  66.145412     3.743     3.739 14 56010.97929478 48.197
 138  43.471920  66.145136     1.971     1.973 14 56020.89494147 52.469
 139  43.474550  66.146300    -0.423    -0.442 14 56030.81058521 50.290
 141  43.487702  66.149463    -1.781    -1.865 15 56050.64186720 37.458
 142  43.490742  66.149638    21.155    21.064 15 56060.55750409 28.038
 143  43.485430  66.148809    12.739    13.302 15 56070.47314054 22.847
 144  43.481524  66.148520    15.109    15.818 15 56080.38879101 24.156
 145  43.487765  66.149091     4.412     3.078 15 56090.30443972 26.884
 146  43.489959  66.150004    -1.749    -1.755 15 56100.22008561 39.869
 147  43.492753  66.149621    -2.733    -3.035 15 56110.13571745 51.407
 148  43.478656  66.147629    -1.579    -1.628 16 56120.05135621 37.360
 149  43.468402  66.145265    12.740    12.872 14 56129.96699165 25.011
 150  43.466188  66.144343     3.049     3.142 13 56139.88262472 35.985
 151  43.471451  66.145757    10.265    10.992 14 56149.79827558 29.633
 152  43.478984  66.147861    -1.421    -1.449 15 56159.71392534 41.978
 153  43.484808  66.148613    -1.874    -1.864 15 56169.62957353 35.685
 154  43.476397  66.147262     0.963     1.660 15 56179.54521691 25.527
 155  43.470099  66.145438    11.822    11.737 14 56189.46085632 22.858
 156  43.469551  66.144928    16.193    17.151 13 56199.37649314 23.437
 157  43.476645  66.146625     7.330     8.684 14 56209.29212802 27.169
 158  43.490091  66.149089     2.190     0.022 15 56219.20776171 32.829
 159  43.497950  66.150575    -1.722    -1.706 15 56229.12340993 44.443
 160  43.490841  66.150075    -0.709    -0.527 15 56239.03906298 33.126
 161  43.487910  66.148974     0.283     0.324 15 56248.95471254 36.998
 162  43.481625  66.148232     2.909     2.888 16 56258.87035690 51.273
 163  43.484499  66.148878     0.922     0.936 15 56268.78599918 51.507
 164  43.492493  66.149597     0.006    -0.005 15 56278.70164021 50.970
 165  43.490578  66.149544    -1.332    -1.310 15 56288.61728974 51.024
 166  43.481102  66.147635    -2.127    -2.155 15 56298.53293760 51.149
 167  43.471146  66.145341    -2.214    -2.228 14 56308.44858148 47.708
 168  43.467978  66.144376     1.359     1.342 14 56318.36422344 48.828
 169  43.472977  66.145840     1.598     1.523 14 56328.27986496 52.257
 170  43.481193  66.147961     0.324     0.302 15 56338.19550581 51.873
 171  43.486928  66.148907    -1.033    -1.094 15 56348.11114453 49.855
 172  43.477634  66.147671    -2.296    -2.546 15 56358.02677908 49.430
 173  43.471803  66.145775    -1.884    -1.977 14 56367.94242826 48.534
 175  43.478737  66.147079     2.847     2.849 15 56387.77372257 54.798
 176  43.488323  66.149656    -0.199    -0.282 15 56397.68936687 25.297
 177  43.503605  66.151106    10.581    15.302 16 56407.60500935 32.828
 178  43.495797  66.150624    -0.581    -0.802 16 56417.52064578 38.165
 179  43.485693  66.149077    -0.399    -0.841 15 56427.43627732 34.939
 180  43.479693  66.148168     1.732     1.693 16 56437.35192941 49.176
 181  43.483961  66.148463     8.792    10.403 15 56447.26758130 22.415
 182  43.491601  66.149359     3.372     0.470 15 56457.18323125 26.429
 183  43.489900  66.149141    -0.665    -0.684 15 56467.09887713 49.672
 184  43.478852  66.147629    -1.572    -1.679 15 56477.01451814 46.375
 185  43.470088  66.145604    -2.073    -2.148 14 56486.93015566 42.964
 187  43.473546  66.145981     9.605    10.960 15 56506.76142596 24.542
 188  43.478449  66.147866     0.388     0.368 15 56516.67706167 28.792
 189  43.482225  66.148663     0.320     0.635 15 56526.59271650 27.343
 190  43.479220  66.147954    -0.960    -1.169 15 56536.50836653 34.447
 192  43.474776  66.146305    -2.357    -2.531 14 56556.33965642 46.415
 193  43.477203  66.147680     5.270     2.832 15 56566.25529934 25.836
 194  43.491453  66.149871    11.702    14.538 16 56576.17094198 23.874
 195  43.505513  66.151130     2.137     1.817 16 56586.08658133 20.777
 196  43.501782  66.150718    -1.819    -1.652 16 56596.00221930 35.070
 197  43.490790  66.149414    -2.189    -2.291 15 56605.91787060 42.354
 198  43.483707  66.148452    -1.841    -1.984 16 56615.83351741 41.492
 199  43.482922  66.148404     2.667     2.655 15 56625.74916119 43.875
 200  43.484184  66.148650     3.755     3.751 15 56635.66480241 52.783
 201  43.484022  66.148473     1.890     1.861 15 56645.58044146 48.403
 202  43.481079  66.147437    -1.405    -1.436 15 56655.49609371 37.229
 203  43.475730  66.146042    -2.005    -2.004 14 56665.41174143 47.359
 205  43.474309  66.146496     0.769     0.771 14 56685.24303132 37.906
 206  43.480576  66.147816     2.421     2.418 15 56695.15867436 39.864
 207  43.484872  66.148435     1.885     1.788 15 56705.07431272 42.524
 208  43.478210  66.147866    -0.376    -0.394 15 56714.98994464 50.726
 209  43.479828  66.147144    -0.976    -1.627 15 56724.90559680 36.210
 211  43.489298  66.148884    -1.086    -1.113 15 56744.73689412 49.448
 212  43.495343  66.150385     2.696     2.659 15 56754.65253696 22.449
 213  43.499858  66.150852     2.035     1.989 16 56764.56817412 40.012
 214  43.490479  66.150101    12.152    15.078 15 56774.48380981 26.637
 215  43.485830  66.149292    -1.160    -1.107 15 56784.39946641 43.720
 216  43.489538  66.148945    -1.693    -1.751 15 56794.31512013 37.523
 217  43.485816  66.148918    -1.547    -1.868 15 56804.23076974 36.852
 218  43.483543  66.148580     2.329     2.349 15 56814.14641217 31.246
 219  43.481004  66.147658     2.241     2.343 15 56824.06205108 32.251
 220  43.474702  66.146653    10.415     9.594 14 56833.97768565 25.796
 221  43.475443  66.146257    -1.643    -1.547 14 56843.89331744 38.479
 222  43.476235  66.146726    -1.969    -1.829 14 56853.80896051 39.965
 223  43.476563  66.147457    -1.978    -1.902 15 56863.72461440 37.353
 224  43.481518  66.147921     9.599    11.142 15 56873.64026812 26.680
 225  43.479356  66.147850     7.318     4.100 16 56883.55591803 26.497
 226  43.477981  66.147622     3.176     2.299 15 56893.47156466 33.081
 227  43.479400  66.147719    -1.653    -1.704 15 56903.38720837 39.696
 228  43.486564  66.148738    -1.937    -1.856 15 56913.30285062 38.146
 229  43.489937  66.149901    -2.047    -1.975 15 56923.21849085 38.219
 230  43.498990  66.150684     2.263     2.242 16 56933.13412916 35.167
 231  43.494257  66.150411     5.307     3.279 16 56943.04976093 22.904
 232  43.491843  66.149501     2.707     2.224 15 56952.96540603 19.425
 233  43.485528  66.148782    -0.537    -0.536 15 56962.88105601 50.886
 234  43.486429  66.148864    -1.877    -1.939 15 56972.79670180 44.591
 235  43.489589  66.149161    -2.674    -2.990 15 56982.71234355 48.910
 236  43.485337  66.148709    -0.361    -0.341 15 56992.62798001 48.533
 237  43.479259  66.147278     2.263     2.268 15 57002.54361428 29.664
 238  43.475196  66.146021     2.895     2.827 14 57012.45927091 54.256
 239  43.473729  66.145793     0.212     0.206 14 57022.37492216 50.142
 240  43.477146  66.147101    -1.948    -1.979 15 57032.29057112 48.041
 241  43.482077  66.148365    -2.344    -2.500 16 57042.20621811 48.645
 242  43.486968  66.148703    -1.977    -1.993 15 57052.12186293 47.861
 243  43.481261  66.147812     3.590     3.597 15 57062.03750246 47.899
 244  43.476634  66.147143     3.938     3.924 15 57071.95313673 42.399
 245  43.479411  66.147716     0.981     0.962 15 57081.86876755 33.694
 246  43.489260  66.149518    -1.846    -1.882 15 57091.78441313 41.875
 247  43.506619  66.151270    -2.750    -2.857 16 57101.70007208 50.945
 248  43.509173  66.151482    -2.242    -2.186 16 57111.61572628 36.302
 249  43.490525  66.150073    15.586    16.717 15 57121.53137274 19.919
 250  43.483779  66.148465     4.419     4.477 15 57131.44701464 27.651
