# NaN NaN NaN ;Mean Elev.(m), Avg Gradient(m/km), RMS Gradient(m/km) - SRTM1     
#    4.056  -1.058   2.434 ;Mean Elev.(m), Avg Gradient(m/km), RMS Gradient(m/km) - ASTER GDEM
#    0.114  -1.342   3.507 ;Mean Elev.(m), Avg Gradient(m/km), RMS Gradient(m/km) - GMTED2010 
   2  43.429418  66.130436    -1.881    -1.850  8 54669.40088906 43.440
   3  43.425731  66.131264     0.327     0.538  8 54679.31653285 36.441
   4  43.429539  66.132549    14.498    14.768  9 54689.23217615 24.617
   5  43.432876  66.133233     1.564     1.494  8 54699.14781731 54.122
   6  43.429603  66.132338     4.360     5.133  8 54709.06346096 28.639
   7  43.425435  66.130484     0.326    -0.367  8 54718.97911210 35.477
   8  43.423968  66.128546    -2.155    -2.334  8 54728.89476089 46.336
   9  43.424067  66.127991    -0.263    -1.268  8 54738.81040823 38.443
  10  43.426362  66.128670    13.190    13.951  7 54748.72605569 24.742
  11  43.427259  66.129603    12.562    13.136  7 54758.64170273 23.790
  12  43.424536  66.129770     1.959     2.185  8 54768.55734721 33.038
  13  43.426015  66.128699    -1.148    -1.220  7 54778.47298871 45.082
  14  43.425339  66.127439    -0.811    -1.164  7 54788.38862757 39.491
  15  43.424686  66.127255    -2.028    -2.039  8 54798.30426541 45.529
  17  43.424866  66.130231     3.065     3.110  8 54818.13554065 36.498
  18  43.427149  66.131093     1.789     1.803  8 54828.05119170 35.296
  19  43.429937  66.131021    -0.940    -0.958  8 54837.96683091 48.188
  20  43.427337  66.131198    -1.509    -1.587  7 54847.88247996 45.872
  21  43.427997  66.131723    -2.350    -2.388  8 54857.79812875 44.195
  22  43.429342  66.132509     2.372     2.382  8 54867.71377768 39.541
  23  43.428599  66.132379     3.547     3.494  8 54877.62942573 40.772
  24  43.428288  66.131173     1.451     1.563  8 54887.54507078 40.618
  25  43.425845  66.129371    -0.591    -0.461  8 54897.46071228 47.756
  26  43.426708  66.128287    -1.379    -1.251  8 54907.37635147 38.550
  27  43.426127  66.128483    -1.966    -1.738  8 54917.29198930 41.515
  28  43.426000  66.129215    -0.752    -0.757  8 54927.20762704 42.986
  29  43.426662  66.129448     2.653     2.669  7 54937.12326423 38.644
  30  43.426588  66.129031     1.526     1.514  8 54947.03889954 41.858
  31  43.423368  66.128180     0.647     0.614  8 54956.95453316 35.466
  32  43.424109  66.127705     1.202     1.285  7 54966.87018181 34.022
  33  43.424775  66.128173     0.896     1.077  8 54976.78582947 36.403
  34  43.427994  66.129192     0.422     0.330  8 54986.70147737 30.430
  35  43.427596  66.130073     3.893     3.559  7 54996.61712506 22.226
  36  43.425266  66.130595     3.498     3.517  8 55006.53277091 24.330
  37  43.428477  66.130867     2.537     2.530  8 55016.44841510 25.591
  38  43.428230  66.131373     0.039     0.336  8 55026.36405755 38.123
  39  43.426058  66.132340    -0.151    -0.293  8 55036.27969937 35.120
  40  43.428711  66.132640    -0.381    -0.915  8 55046.19534076 33.832
  41  43.428657  66.131772     7.235     9.255  7 55056.11098009 21.011
  42  43.426268  66.129858     6.615     4.188  8 55066.02661688 27.035
  43  43.424422  66.128363     5.238     4.774  8 55075.94226586 27.843
  44  43.425681  66.128052    -1.516    -1.562  7 55085.85791379 47.742
  45  43.425682  66.128834    -0.110    -1.003  8 55095.77355996 36.380
  46  43.426470  66.129425     0.134     0.430  7 55105.68920594 36.757
  47  43.426323  66.129140    11.877    12.258  8 55115.60485156 25.896
  48  43.426054  66.128087     4.952     3.633  8 55125.52049479 27.254
  49  43.424027  66.127341     6.302     7.777  8 55135.43613528 21.446
  50  43.425536  66.127381    -0.824    -0.831  8 55145.35177397 48.757
  51  43.426104  66.128559    -1.736    -1.675  8 55155.26741186 47.213
  52  43.424277  66.129736    -1.848    -1.785  8 55165.18304978 46.978
  53  43.425147  66.130565     0.389     0.367  8 55175.09868774 48.301
  54  43.425875  66.130528     3.578     3.546  8 55185.01432819 47.510
  55  43.428506  66.130616     1.831     1.797  8 55194.92997956 43.134
  56  43.428203  66.131372     0.016     0.049  7 55204.84562937 42.089
  57  43.429535  66.132520    -1.220    -1.195  8 55214.76127866 39.855
  58  43.427626  66.132782    -2.105    -2.042  8 55224.67692715 39.572
  59  43.426027  66.131328    -1.444    -1.437  8 55234.59257382 43.676
  60  43.426508  66.128854     2.639     2.674  8 55244.50821743 31.508
  61  43.423537  66.127150     2.907     2.863  7 55254.42385776 33.404
  62  43.426486  66.127438     0.261     0.241  8 55264.33949682 44.263
  63  43.427306  66.129248    -1.338    -1.396  8 55274.25513476 47.199
  64  43.429337  66.130269    -1.957    -1.919  8 55284.17077226 44.515
  65  43.426122  66.129473    -1.482    -1.402  8 55294.08640778 37.473
  66  43.426005  66.127590     3.494     3.558  7 55304.00204531 40.041
  67  43.423041  66.126499     5.835     5.230  7 55313.91769250 28.932
  68  43.426057  66.127334     0.555     0.500  7 55323.83333821 53.916
  69  43.427483  66.129269    -1.300    -1.252  8 55333.74898247 47.419
  70  43.428969  66.130714     0.834     0.650  8 55343.66462657 30.377
  71  43.429615  66.130742     0.180    -0.339  8 55353.58027011 29.162
  72  43.427292  66.130341     3.864     3.523  7 55363.49591127 23.611
  73  43.426711  66.130369     3.581     3.610  8 55373.41155078 23.074
  74  43.429942  66.131309     2.012     2.113  8 55383.32718935 28.094
  75  43.430560  66.132406     0.665     0.627  8 55393.24282690 33.030
  76  43.427844  66.132675    -0.582    -0.546  8 55403.15846296 35.040
  77  43.425961  66.131022     0.338    -0.169  8 55413.07411474 31.447
  78  43.426067  66.128442     0.750     0.497  8 55422.98976385 32.237
  79  43.425280  66.126645     3.226     3.317  7 55432.90541022 24.136
  80  43.425275  66.127206     2.473     2.507  7 55442.82105481 25.040
  81  43.424938  66.128948     1.248     1.074  8 55452.73669789 32.002
  82  43.426629  66.130358    -1.013    -1.069  7 55462.65234035 46.281
  83  43.429007  66.129593    -1.622    -1.583  8 55472.56798101 35.820
  84  43.425608  66.127731    -0.376    -0.362  8 55482.48361832 47.292
  85  43.422989  66.126264     8.342     8.623  7 55492.39925350 27.117
  86  43.425821  66.127040    15.071    14.791  8 55502.31488753 24.342
  87  43.428545  66.129293     0.502     0.420  8 55512.23053325 49.604
  88  43.427652  66.131261    -0.605    -0.648  7 55522.14618274 46.815
  89  43.429096  66.131638    -2.014    -2.037  8 55532.06183112 45.204
  90  43.427925  66.130774    -1.834    -1.855  8 55541.97747762 39.407
  91  43.427233  66.130178     1.733     1.750  8 55551.89312209 37.949
  92  43.427699  66.130817     3.289     3.196  7 55561.80876525 39.284
  93  43.430330  66.132033     0.288     0.415  8 55571.72440788 46.446
  94  43.429132  66.132282    -0.647    -0.605  8 55581.64004900 43.533
  95  43.429090  66.130571    -1.269    -1.341  8 55591.55568707 44.645
  96  43.424387  66.128049    -1.771    -1.761  7 55601.47132148 39.653
  97  43.423351  66.126519    -0.317    -0.317  7 55611.38695407 40.488
  98  43.425812  66.127254     2.272     2.239  8 55621.30258689 43.223
  99  43.427357  66.129302     0.033    -0.040  8 55631.21823990 45.732
 100  43.429607  66.130441    -0.666    -0.627  8 55641.13389090 44.558
 101  43.426457  66.129691    -1.201    -1.278  7 55651.04953873 47.456
 102  43.425174  66.127527    -1.185    -1.194  7 55660.96518301 35.420
 103  43.424441  66.126414    -0.027    -0.033  8 55670.88082401 43.369
 104  43.424545  66.127370     2.129     2.153  8 55680.79646336 46.661
 105  43.427709  66.129729     3.692     1.685  8 55690.71210117 31.948
 106  43.426952  66.131628     0.438     0.465  8 55700.62773702 44.217
 107  43.429360  66.131945     1.017     1.147  8 55710.54337725 32.777
 108  43.427812  66.131161     0.388     0.420  8 55720.45902716 35.771
 109  43.425874  66.130719    -0.244    -0.329  8 55730.37467486 36.060
 110  43.429671  66.130863     4.022     3.310  8 55740.29032177 20.728
 111  43.428467  66.131400     3.239     3.302  8 55750.20596699 21.526
 112  43.425385  66.131315     1.344     1.360  8 55760.12160968 30.734
 113  43.427097  66.130153     0.305     0.007  7 55770.03724996 36.171
 114  43.425820  66.128218    -1.454    -2.083  8 55779.95288662 43.044
 115  43.424788  66.127004    -0.890    -0.895  7 55789.86852072 38.727
 116  43.424098  66.127424     0.996     0.919  8 55799.78415365 38.883
 117  43.426045  66.128854     2.639     2.549  7 55809.69980112 30.913
 118  43.426655  66.130070     1.342     1.331  7 55819.61545006 39.046
 119  43.429080  66.129726     0.321     0.357  8 55829.53109470 36.236
 120  43.425196  66.128229     0.168    -0.068  8 55839.44673430 39.486
 121  43.425124  66.127040     0.916     1.190  8 55849.36237120 34.550
 122  43.424675  66.127872     4.915     5.184  7 55859.27800604 26.073
 123  43.429239  66.129922     8.972    10.247  8 55869.19365549 20.607
 133  43.424343  66.127533    -1.876    -1.871  7 55968.35009768 41.558
 134  43.425133  66.128374    -2.019    -1.770  8 55978.26573442 45.764
 135  43.426055  66.129270     2.031     1.977  7 55988.18137051 41.260
 136  43.425377  66.129513     2.640     2.665  8 55998.09701083 41.886
 137  43.427778  66.128855     1.746     1.759  8 56008.01266224 40.705
 138  43.423971  66.128095    -1.678    -1.794  8 56017.92830888 46.049
 139  43.426565  66.128108    -2.181    -2.220  8 56027.84395319 46.979
 141  43.427617  66.130497     2.401     2.388  7 56047.67523610 39.270
 142  43.428390  66.131563     8.100     7.139  8 56057.59087383 34.055
 143  43.430137  66.131798     7.407     7.249  8 56067.50650731 25.233
 144  43.429303  66.131548    -0.046    -0.517  8 56077.42215682 36.906
 145  43.426212  66.131471     0.109    -0.277  8 56087.33780535 34.997
 146  43.427261  66.131459    -2.068    -2.384  8 56097.25345180 46.493
 147  43.427617  66.130980     3.363     3.351  7 56107.16909601 20.154
 148  43.429054  66.129760     3.547     3.536  8 56117.08472593 30.329
 149  43.426650  66.128555     3.458     3.435  8 56127.00036338 21.397
 150  43.425773  66.127794     0.887     0.552  7 56136.91599715 32.703
 151  43.425505  66.128163    -0.497    -0.447  8 56146.83164171 39.565
 152  43.428351  66.128998    -2.100    -2.301  8 56156.74729134 48.969
 153  43.427079  66.129610    -0.252    -0.296  8 56166.66293967 37.964
 154  43.424540  66.129303     3.613     3.636  8 56176.57858547 25.772
 155  43.426311  66.128538     3.359     3.374  8 56186.49422679 25.336
 156  43.426602  66.128044     6.214     7.943  8 56196.40986424 25.828
 157  43.426236  66.128778    -0.182    -0.176  7 56206.32549864 37.003
 158  43.429222  66.130324    -1.494    -2.031  8 56216.24113184 45.934
 159  43.427988  66.131771    -2.135    -2.162  7 56226.15677218 44.028
 160  43.430205  66.131907     7.137     9.221  8 56236.07242753 20.853
 161  43.430121  66.131354     3.711     3.713  8 56245.98807881 33.738
 162  43.428959  66.130984     1.788     1.774  8 56255.90372488 50.489
 163  43.429924  66.131410    -1.476    -1.554  8 56265.81936731 47.913
 164  43.428048  66.131918    -2.225    -2.307  7 56275.73500779 44.394
 165  43.428437  66.131332    -1.891    -1.738  7 56285.65065393 41.725
 166  43.424773  66.129522     3.408     3.214  8 56295.56630397 45.736
 167  43.423996  66.127523     4.904     4.910  8 56305.48195014 48.028
 168  43.425773  66.127064     1.770     1.705  8 56315.39759309 46.404
 169  43.424356  66.128506    -1.151    -1.089  8 56325.31323386 47.686
 170  43.426547  66.130133    -1.306    -1.352  7 56335.22887411 48.245
 171  43.426310  66.130384    -1.547    -1.506  8 56345.14451313 46.760
 172  43.424412  66.129284     2.578     2.540  8 56355.06014967 40.999
 173  43.426073  66.127942     3.728     3.746  8 56364.97579520 39.121
 174  43.425274  66.127965     1.820     1.777  8 56374.89144398 39.173
 176  43.425764  66.131543    -1.444    -1.444  8 56394.72273371 43.875
 177  43.431135  66.132342    -2.069    -2.253  8 56404.63837606 48.372
 178  43.428889  66.132160     0.761     0.601  8 56414.55401464 39.678
 179  43.428316  66.131144    11.467    11.847  7 56424.46964852 25.220
 180  43.427467  66.130743     4.531     4.296  8 56434.38529467 23.801
 181  43.428926  66.131029     1.067     0.824  8 56444.30094693 29.829
 182  43.427359  66.131880    -0.852    -0.861  8 56454.21659641 47.040
 183  43.428407  66.131391    -2.096    -2.306  7 56464.13224331 48.677
 184  43.427314  66.129583    -0.079     0.097  7 56474.04788655 36.438
 185  43.426493  66.127432     3.204     3.174  8 56483.96352640 22.317
 187  43.423625  66.128456     1.362     1.061  8 56503.79479725 31.100
 188  43.428551  66.130531     0.423     0.534  8 56513.71043054 32.609
 189  43.427441  66.131133    -1.503    -1.525  8 56523.62608064 48.980
 190  43.426703  66.129840    -0.348    -0.607  7 56533.54173237 30.099
 192  43.423205  66.127990     5.502     3.670  8 56553.37302482 25.415
 193  43.426293  66.129849     1.290     0.869  8 56563.28866783 31.550
 194  43.427975  66.132268    -0.450    -0.488  8 56573.20430945 48.591
 195  43.430627  66.133445    -0.230    -0.266  9 56583.11994892 35.649
 196  43.427635  66.132693    -0.901    -0.914  8 56593.03558339 46.182
 197  43.426740  66.131040     2.241     2.274  8 56602.95123517 51.332
 198  43.428018  66.130112     3.599     3.600  8 56612.86688439 44.058
 199  43.425167  66.130843     0.955     0.935  8 56622.78252897 41.956
 200  43.425569  66.131685     0.122     0.139  8 56632.69817096 47.421
 201  43.427698  66.131532    -0.688    -0.717  8 56642.61380864 47.702
 202  43.426162  66.129652     0.302     0.390  7 56652.52945863 35.412
 203  43.426039  66.127558    -2.167    -2.151  7 56662.44510816 47.755
 204  43.424755  66.126896     0.848     0.886  8 56672.36075470 34.047
 205  43.425857  66.128575     1.212     1.180  7 56682.27639984 26.178
 206  43.429353  66.130450     1.139     1.043  8 56692.19204315 27.144
 207  43.427623  66.131297     0.791     0.021  8 56702.10768200 21.376
 208  43.424803  66.130134     1.527     1.773  8 56712.02331578 20.994
 209  43.426076  66.128699    -0.762    -1.378  8 56721.93896169 27.395
 210  43.425617  66.128488     2.366     2.671  7 56731.85461306 24.940
 211  43.425885  66.130384     2.595     2.383  8 56741.77026083 20.798
 212  43.431799  66.132587     1.364     0.856  8 56751.68590478 26.219
 213  43.431768  66.133628    -0.751    -0.659  9 56761.60154307 43.456
 214  43.430488  66.132840    -1.875    -2.260  8 56771.51717451 46.678
 215  43.429227  66.131119    -1.566    -1.699  8 56781.43282995 43.178
 216  43.425432  66.130100    15.457    15.844  8 56791.34848426 32.458
 217  43.426460  66.130288     8.100     8.525  7 56801.26413599 25.742
 218  43.426171  66.131139     1.748     1.379  8 56811.17978047 31.125
 219  43.426659  66.131160    -0.404    -0.390  8 56821.09542053 49.361
 220  43.426039  66.129804     0.687     0.392  8 56831.01105639 34.196
 221  43.425560  66.128020    -0.488    -0.453  7 56840.92668897 36.208
 222  43.423090  66.127520    -0.178    -0.202  8 56850.84232499 44.899
 223  43.425022  66.128654     2.168     2.016  7 56860.75797957 30.907
 224  43.427773  66.130438     1.145     1.117  8 56870.67363350 33.935
 225  43.429879  66.131136     0.593     0.581  8 56880.58928463 36.342
 226  43.427287  66.130451     0.184     0.184  7 56890.50493168 37.739
 227  43.426276  66.129197    -1.436    -2.287  8 56900.42057602 38.906
 228  43.425768  66.129384    -1.425    -1.554  7 56910.33621832 38.915
 229  43.427234  66.130874     1.192     1.123  7 56920.25185916 25.660
 230  43.430038  66.132750     9.103     9.416  9 56930.16749799 23.061
 231  43.432028  66.133378     2.836     2.892  8 56940.08313193 23.648
 232  43.427045  66.132692    -0.512    -0.640  8 56949.99876930 48.298
 233  43.430008  66.131091    -0.846    -0.868  8 56959.91442169 40.874
 234  43.426573  66.130259    -2.267    -2.452  7 56969.83006842 43.928
 235  43.425515  66.130331     1.478     1.464  8 56979.74571143 34.765
 236  43.427244  66.130713     2.791     2.785  8 56989.66135028 29.510
 237  43.427098  66.130538     1.836     1.809  8 56999.57698266 44.356
 238  43.428129  66.129574    -0.377    -0.595  8 57009.49263569 47.211
 239  43.424477  66.128420    -2.010    -2.071  8 57019.40828781 47.490
 240  43.424497  66.128179    -2.505    -2.480  8 57029.32393721 45.989
 241  43.424845  66.129028     1.123     1.172  8 57039.23958495 40.140
 242  43.425269  66.130252     3.634     3.595  8 57049.15523039 36.737
 243  43.429233  66.130776     1.769     1.800  8 57059.07087220 34.914
 244  43.427167  66.130531    -0.504    -0.529  7 57068.98650779 45.475
 245  43.429321  66.130186    -1.800    -1.882  8 57078.90213944 45.619
 246  43.426168  66.130692    -1.141    -1.097  8 57088.81777521 36.695
 247  43.427556  66.131872     0.356     0.404  8 57098.73343362 35.983
 248  43.432706  66.132894     2.973     2.867  8 57108.64908941 40.345
 249  43.432588  66.132851     2.712     3.084  8 57118.56473951 24.105
 250  43.428041  66.131907     0.484     0.448  7 57128.48038315 43.861
