# NaN NaN NaN ;Mean Elev.(m), Avg Gradient(m/km), RMS Gradient(m/km) - SRTM1     
#    6.809  -1.022   2.133 ;Mean Elev.(m), Avg Gradient(m/km), RMS Gradient(m/km) - ASTER GDEM
#    0.052  -1.465   2.869 ;Mean Elev.(m), Avg Gradient(m/km), RMS Gradient(m/km) - GMTED2010 
   1  43.398125  66.109300     6.791     6.819  6 54665.41849692 26.622
   2  43.397074  66.110398     9.105     6.542  6 54675.33414151 28.117
   3  43.402731  66.112186     0.352     0.347  6 54685.24978530 49.777
   4  43.404035  66.113150    -0.804    -0.819  6 54695.16542716 51.037
   5  43.402740  66.112189    -1.649    -1.553  6 54705.08106625 35.745
   6  43.394678  66.109594     6.251     6.108  6 54714.99671720 30.574
   7  43.391728  66.107267     6.608     6.782  6 54724.91236714 30.959
   8  43.393136  66.106847     6.558     6.711  6 54734.82801545 29.779
   9  43.393337  66.108447     0.107     0.130  6 54744.74366255 51.505
  10  43.398473  66.110108    -0.732    -0.761  6 54754.65930970 44.466
  11  43.398444  66.109822     2.427     1.609  6 54764.57495534 31.466
  12  43.391415  66.107511     7.070     7.118  6 54774.49059754 27.521
  13  43.390641  66.105638     7.839     7.920  6 54784.40623774 30.302
  14  43.389536  66.105816     2.098     2.090  6 54794.32187609 41.952
  17  43.397869  66.110365    -0.934    -0.971  6 54824.06879639 48.486
  18  43.399974  66.109553    -0.465    -0.436  6 54833.98443651 45.058
  19  43.395273  66.109349     1.042     1.029  6 54843.90008602 42.980
  20  43.397966  66.110542     2.684     2.653  6 54853.81573526 44.201
  21  43.402483  66.112471     0.915     0.915  6 54863.73138445 43.586
  22  43.404200  66.113225     0.543     0.532  7 54873.64703318 49.213
  23  43.403465  66.112084    -0.907    -0.926  6 54883.56267928 37.391
  24  43.398393  66.109334    -1.824    -1.990  6 54893.47832157 39.288
  25  43.395091  66.107057    -1.868    -1.796  6 54903.39396132 46.670
  26  43.390792  66.106839     2.335     2.372  6 54913.30959975 39.451
  27  43.394205  66.108413     1.189     1.191  6 54923.22523814 48.974
  28  43.396710  66.109828     0.039    -0.008  6 54933.14087566 34.050
  29  43.397072  66.109470    -1.030    -0.992  6 54943.05651110 51.443
  30  43.394201  66.107492    -1.722    -1.772  6 54952.97214428 43.935
  31  43.388346  66.105556    -0.993    -0.988  6 54962.88778742 49.022
  32  43.390533  66.105879     2.775     2.562  7 54972.80343617 42.444
  33  43.391487  66.107794     4.196     3.907  6 54982.71908392 34.874
  34  43.395650  66.109924     3.319     4.234  6 54992.63473169 34.001
  35  43.401814  66.110740    -0.695    -0.627  6 55002.55037879 31.630
  36  43.400382  66.110390    -1.150    -1.109  6 55012.46602331 32.665
  37  43.398633  66.109779    -1.073    -1.106  6 55022.38166638 33.001
  38  43.401778  66.110470     3.305     3.322  6 55032.29730905 22.463
  39  43.399870  66.111618     7.654     6.060  6 55042.21295057 24.635
  40  43.405124  66.112295     1.461     1.663  6 55052.12859119 30.013
  41  43.397753  66.110925     1.809     1.966  6 55062.04422845 28.470
  42  43.394275  66.108540    -1.308    -1.341  6 55071.95987142 50.987
  43  43.389894  66.106523     0.624     0.902  6 55081.87551958 35.391
  44  43.392946  66.106489    -0.070    -0.712  6 55091.79116681 38.309
  45  43.393644  66.107864     7.566     7.995  6 55101.70681338 30.752
  46  43.396399  66.109391     7.434     7.216  6 55111.62245976 31.991
  47  43.396031  66.109223     0.687     0.660  6 55121.53810370 52.022
  48  43.395620  66.107589    -1.140    -1.102  6 55131.45374478 49.616
  49  43.389416  66.105794    -1.457    -1.420  6 55141.36938332 48.702
  50  43.389403  66.105979    -1.601    -1.514  6 55151.28502175 45.771
  51  43.394046  66.107853     2.150     2.153  7 55161.20066073 43.527
  52  43.397908  66.109801     2.354     2.316  7 55171.11629924 46.907
  53  43.396397  66.110526     1.253     1.262  6 55181.03193576 43.658
  54  43.397155  66.110242    -1.128    -1.013  6 55190.94758463 47.996
  55  43.398806  66.110341    -1.738    -1.709  6 55200.86323503 48.174
  56  43.399815  66.110916    -1.625    -1.676  7 55210.77888473 48.887
  57  43.401184  66.111642     3.005     3.021  6 55220.69453400 44.137
  58  43.401254  66.111244     3.414     3.365  6 55230.61018209 40.520
  59  43.396358  66.109881     2.044     2.032  6 55240.52582649 41.030
  60  43.395452  66.108137    -1.536    -1.633  6 55250.44146768 46.006
  61  43.393996  66.107051    -1.365    -1.459  6 55260.35710653 46.155
  62  43.395408  66.107258    -1.675    -1.624  6 55270.27274484 46.220
  63  43.393131  66.108027     2.792     2.743  6 55280.18838274 42.176
  64  43.393028  66.108516     3.397     3.611  6 55290.10401959 49.682
  65  43.392586  66.108192     1.493     1.424  6 55300.01965405 48.619
  66  43.393985  66.107165    -0.830    -0.791  6 55309.93529944 41.998
  67  43.393563  66.106441     5.989     6.142  6 55319.85094513 34.213
  68  43.394419  66.106868     2.026     1.806  6 55329.76658990 35.400
  69  43.396809  66.108386     5.832     5.689  6 55339.68223459 26.260
  70  43.397890  66.109763     5.648     6.028  6 55349.59787887 27.099
  71  43.401048  66.110499     4.089     3.778  6 55359.51352131 26.643
  72  43.398056  66.110509     0.408     0.445  6 55369.42916102 51.049
  73  43.397082  66.110597    -1.110    -1.136  6 55379.34479943 50.301
  74  43.397941  66.111021    -1.127    -1.110  6 55389.26043729 37.619
  75  43.401616  66.111191    -0.987    -1.022  6 55399.17607440 36.196
  76  43.396519  66.110191     3.700     3.679  6 55409.09172016 23.076
  77  43.395612  66.108491     3.015     2.999  6 55419.00737070 36.329
  78  43.391109  66.106967     2.980     2.812  6 55428.92301753 28.053
  79  43.393808  66.106931    -0.790    -0.848  6 55438.83866243 41.915
  80  43.394094  66.107823    -0.969    -0.888  7 55448.75430572 40.001
  81  43.393390  66.108443    -0.586    -1.296  6 55458.66994860 42.535
  82  43.393811  66.108296     7.039     6.873  6 55468.58559083 29.008
  83  43.391269  66.107282     4.197     4.148  6 55478.50122953 39.019
  84  43.392652  66.106549     7.772     7.915  6 55488.41686559 27.673
  85  43.390814  66.106484    -0.893    -0.888  6 55498.33249910 37.763
  86  43.394656  66.107721    -1.171    -1.159  6 55508.24813805 48.814
  87  43.398351  66.109017    -1.565    -1.424  6 55518.16378864 39.694
  88  43.398988  66.109891     2.555     2.555  6 55528.07943803 30.317
  89  43.398972  66.110139     4.161     4.184  6 55537.99508544 47.814
  90  43.400805  66.110356     1.360     1.294  6 55547.91073075 46.125
  91  43.400139  66.110898    -0.231    -0.277  6 55557.82637407 51.133
  92  43.401165  66.111650    -1.038    -1.080  7 55567.74201669 49.352
  93  43.402435  66.111434    -1.726    -1.683  6 55577.65765854 48.742
  94  43.396901  66.109663     0.450     0.438  6 55587.57329761 44.298
  95  43.390452  66.107292     2.514     2.471  6 55597.48893351 33.510
  96  43.393971  66.106241     1.384     1.421  6 55607.40456755 34.866
  97  43.394200  66.106665    -0.367    -0.354  6 55617.32019929 47.249
  98  43.396916  66.108348    -0.732    -0.712  6 55627.23584424 47.501
  99  43.398808  66.109029    -1.862    -1.854  6 55637.15149597 46.675
 100  43.395025  66.108252     0.118     0.081  6 55647.06714513 46.903
 101  43.389328  66.106603     3.649     3.631  6 55656.98279128 50.112
 102  43.388492  66.105924     2.661     2.613  6 55666.89843356 52.869
 103  43.389798  66.106786     4.625     4.700  6 55676.81407323 33.333
 104  43.393600  66.108645     4.514     5.339  6 55686.72971129 34.964
 105  43.396074  66.110040    -0.581    -1.405  6 55696.64534803 48.081
 106  43.401225  66.110323     3.518     3.312  6 55706.56098372 27.332
 107  43.400358  66.109837     4.372     3.840  6 55716.47663369 24.747
 108  43.399591  66.109818     3.795     3.742  6 55726.39228232 24.894
 109  43.402344  66.110736     3.192     3.249  6 55736.30792949 21.074
 110  43.402078  66.111699    -0.814    -0.823  6 55746.22357514 32.575
 111  43.402758  66.111459    -1.229    -1.186  6 55756.13921894 35.245
 112  43.395974  66.109365    -1.008    -1.019  6 55766.05485956 32.903
 113  43.392842  66.106808     3.518     3.462  6 55775.97049760 22.611
 114  43.388926  66.105453     3.741     3.690  6 55785.88613270 25.661
 115  43.391739  66.106621     2.968     2.865  7 55795.80176651 26.836
 116  43.397116  66.108652     1.542     1.567  6 55805.71740697 27.634
 117  43.398659  66.109612    -0.788    -0.761  6 55815.63305632 50.569
 118  43.396438  66.108358    -0.378    -1.163  6 55825.54870257 33.401
 119  43.388720  66.106381     3.942     3.918  6 55835.46434382 28.750
 120  43.390201  66.105516     3.633     3.710  7 55845.37998241 29.105
 121  43.389901  66.106806     4.390     4.238  6 55855.29561810 27.542
 122  43.399271  66.109286     3.522     3.586  6 55865.21125946 26.571
 123  43.400216  66.110997    -0.556    -0.481  7 55875.12691256 51.286
 133  43.392547  66.106543     2.437     2.455  6 55974.28334588 40.061
 134  43.396440  66.108880     0.825     0.787  6 55984.19898246 49.340
 135  43.397356  66.109902    -0.542    -0.596  6 55994.11461647 48.518
 136  43.395469  66.108765    -1.337    -1.320  6 56004.03026725 50.075
 137  43.393144  66.106539    -1.401    -1.545  6 56013.94591578 44.934
 139  43.395573  66.107372     2.803     2.802  6 56033.77720483 46.643
 141  43.401980  66.111768    -0.481    -0.450  6 56053.60848510 48.984
 142  43.401788  66.111567     2.064     1.461  6 56063.52412020 33.987
 143  43.398188  66.110205     0.912     1.051  6 56073.43976202 31.890
 144  43.398420  66.109657     0.695    -0.062  6 56083.35541199 35.008
 145  43.398746  66.110070     4.124     3.780  6 56093.27105957 24.276
 146  43.400923  66.110963     2.745     3.016  6 56103.18670512 31.330
 147  43.397109  66.110548     2.861     3.473  6 56113.10233564 25.604
 148  43.397621  66.109089    -0.981    -1.016  6 56123.01797441 45.681
 149  43.391054  66.106777    -1.503    -1.767  6 56132.93360863 46.694
 150  43.389529  66.105760    -1.793    -1.766  6 56142.84924618 48.146
 151  43.390287  66.106672     6.052     6.132  6 56152.76489695 29.010
 152  43.394306  66.108600     4.054     3.847  6 56162.68054650 30.017
 153  43.397285  66.109726     2.431     2.752  6 56172.59619397 34.009
 154  43.396345  66.109038     1.150     0.987  7 56182.51183622 32.721
 155  43.390968  66.107317    -0.340    -1.173  6 56192.42747430 35.854
 156  43.393888  66.106534     0.514     0.907  6 56202.34311043 35.761
 157  43.393979  66.107659     7.171     6.956  7 56212.25874445 32.516
 158  43.400613  66.110031     7.006     7.122  6 56222.17437716 27.528
 159  43.400785  66.111825     1.478     1.476  6 56232.09003198 52.909
 160  43.402015  66.111920    -0.694    -0.682  7 56242.00568459 50.604
 161  43.402538  66.110963    -1.324    -1.354  6 56251.92133283 49.269
 162  43.398700  66.109970    -1.826    -1.728  6 56261.83697603 48.434
 163  43.395245  66.109857     0.289     0.284  6 56271.75261716 44.356
 164  43.396489  66.110168     3.193     3.181  6 56281.66825849 39.998
 165  43.396144  66.110059     1.590     1.452  6 56291.58391062 41.053
 166  43.395644  66.108792    -0.309    -0.317  6 56301.49955824 47.954
 167  43.389893  66.107066    -1.075    -1.049  6 56311.41520119 46.731
 168  43.389260  66.106457    -1.133    -1.171  6 56321.33084239 43.760
 169  43.392714  66.107444    -1.286    -1.272  6 56331.24648338 47.440
 170  43.393339  66.108752     3.013     2.984  6 56341.16212360 45.975
 171  43.398072  66.109436     2.079     2.098  6 56351.07776192 39.407
 172  43.395178  66.108614     0.939     0.912  6 56360.99340046 41.902
 173  43.390807  66.107552    -1.203    -1.252  6 56370.90904968 36.681
 174  43.393884  66.107663    -0.828    -0.777  6 56380.82469696 32.486
 175  43.396962  66.109205    -1.875    -1.859  6 56390.74034206 43.396
 176  43.398429  66.110860     3.578     3.417  6 56400.65598536 35.573
 177  43.401621  66.111787     5.410     5.523  6 56410.57162613 36.001
 178  43.399606  66.111450     8.279     8.622  6 56420.48726158 33.991
 179  43.398748  66.110748    -0.325    -1.124  6 56430.40289868 42.390
 180  43.396605  66.110470    -1.271    -1.362  6 56440.31855159 46.860
 181  43.400757  66.110513    -1.261    -1.191  6 56450.23420261 36.985
 182  43.395708  66.110086     3.803     3.721  6 56460.14985054 27.156
 183  43.397513  66.109108     4.013     3.995  6 56470.06549577 29.867
 184  43.395308  66.108061     3.175     3.246  6 56479.98113685 26.982
 185  43.392157  66.107336    -0.086    -0.798  6 56489.89677389 37.441
 187  43.395319  66.108146    -1.641    -1.642  6 56509.72804255 49.287
 188  43.393747  66.108638     3.692     3.654  6 56519.64368437 24.529
 189  43.393594  66.108724     4.358     4.322  6 56529.55933804 31.255
 190  43.398098  66.108544     4.795     5.181  6 56539.47498809 25.387
 191  43.396980  66.108275    -0.663    -0.595  6 56549.39063336 41.925
 192  43.396458  66.108910    -0.018     0.418  6 56559.30627630 30.201
 193  43.396134  66.110111    -0.397    -1.230  6 56569.22191832 33.890
 194  43.402936  66.111552     7.790     7.653  6 56579.13755969 22.591
 195  43.398666  66.111643     3.206     3.240  6 56589.05319620 39.611
 196  43.397808  66.111031     3.272     3.313  6 56598.96884036 51.415
 197  43.399248  66.110414    10.360     9.506  6 56608.88449140 21.055
 198  43.401541  66.110613    -1.402    -1.458  6 56618.80013763 48.855
 199  43.401094  66.110839    -1.603    -1.658  6 56628.71578037 47.192
 200  43.397192  66.110251     0.180     0.143  6 56638.63141978 35.609
 201  43.397468  66.108745     3.520     3.383  6 56648.54706377 42.988
 202  43.391916  66.107151     3.307     3.302  6 56658.46271479 45.227
 203  43.392306  66.106833     1.180     1.182  6 56668.37836223 34.713
 205  43.397722  66.109569     1.526     1.663  6 56688.20965126 20.650
 206  43.397471  66.109743     3.904     3.889  6 56698.12529246 15.961
 207  43.394617  66.108682     2.928     2.879  6 56708.04092879 20.240
 208  43.395770  66.107768     3.964     3.987  6 56717.95656621 35.577
 209  43.396554  66.108238     2.063     1.822  6 56727.87221899 27.916
 211  43.403419  66.111974     3.004     3.004  6 56747.70351351 17.736
 212  43.400045  66.112365    12.644    14.137  6 56757.61915385 14.699
 213  43.399825  66.111503     3.979     3.901  6 56767.53478852 41.167
 214  43.401164  66.110363     4.047     4.063  6 56777.45043328 31.924
 215  43.398749  66.110141     1.911     1.937  6 56787.36608921 46.965
 216  43.396813  66.110706     4.916     4.976  6 56797.28174164 34.932
 217  43.401423  66.111376    -0.972    -0.977  6 56807.19738944 36.123
 219  43.392758  66.108598     2.297     3.313  6 56827.02866757 31.907
 220  43.392475  66.106809     5.363     4.530  7 56836.94430191 30.153
 221  43.394540  66.106803     6.013     6.299  6 56846.85993348 25.561
 222  43.392074  66.108186     1.491     0.444  6 56856.77558363 36.940
 223  43.397314  66.110004    -0.660    -0.686  6 56866.69123754 47.079
 224  43.400616  66.110276    -1.906    -1.872  6 56876.60688991 48.330
 225  43.398960  66.109367    -1.147    -1.091  6 56886.52253870 32.495
 226  43.392010  66.108077     5.619     5.369  6 56896.43818424 29.836
 227  43.394445  66.108525     6.070     6.100  6 56906.35382773 29.339
 228  43.401420  66.110548     3.580     4.127  6 56916.26946947 25.031
 229  43.403668  66.112585     1.603     2.396  6 56926.18510888 30.404
 230  43.404485  66.113159    -1.439    -1.387  6 56936.10074479 48.731
 231  43.401464  66.111784    -0.965    -1.058  7 56946.01637502 52.275
 232  43.395284  66.109822     2.196     2.175  6 56955.93202689 42.759
 233  43.398580  66.109124     8.425     7.270  6 56965.84767631 28.850
 234  43.396901  66.109965     1.450     1.462  6 56975.76332093 45.812
 235  43.402738  66.111265    -0.687    -0.727  6 56985.67896176 43.762
 236  43.399544  66.110777    -1.262    -1.216  7 56995.59459626 47.895
 237  43.393667  66.108545    -1.063    -1.065  6 57005.51023799 50.299
 238  43.390011  66.106414     0.853     0.826  6 57015.42589264 42.877
 239  43.389274  66.106268     1.686     1.664  6 57025.34154328 38.940
 240  43.395189  66.108492     0.914     0.844  6 57035.25719239 48.196
 241  43.397747  66.110544    -0.036     0.023  6 57045.17283863 43.465
 242  43.397296  66.110861    -0.604    -0.565  6 57055.08848150 44.708
 243  43.398229  66.109365    -1.313    -1.354  6 57065.00411953 49.066
 244  43.392602  66.108108     0.399     0.727  6 57074.91975226 44.641
 245  43.396981  66.108602     1.294     1.322  6 57084.83538267 37.398
 246  43.398823  66.110902     0.887     0.899  6 57094.75103674 30.677
 247  43.406864  66.113098     0.298     0.294  6 57104.66669406 47.643
 248  43.407381  66.113482    -0.652    -0.689  6 57114.58234640 46.708
 249  43.401062  66.111781    -2.081    -2.095  6 57124.49799189 37.324
 250  43.399370  66.109899    -2.167    -2.145  6 57134.41363249 41.093
