# NaN NaN NaN ;Mean Elev.(m), Avg Gradient(m/km), RMS Gradient(m/km) - SRTM1     
#    9.610  -0.735   2.337 ;Mean Elev.(m), Avg Gradient(m/km), RMS Gradient(m/km) - ASTER GDEM
#    3.056  -0.618   3.540 ;Mean Elev.(m), Avg Gradient(m/km), RMS Gradient(m/km) - GMTED2010 
   1     2.750 54666.43425413 45.61  43.339869  66.059808   -100  263.90  268.65  267.31
   1     2.650 54666.43425472 43.98  43.346309  66.059581   -100  263.90  268.65  267.31
   1     2.813 54666.43425531 44.47  43.352749  66.059355   -100  263.90  268.65  267.31
   1     2.738 54666.43425590 48.53  43.359189  66.059128   -100  263.90  268.65  267.31
   2     3.018 54676.34989852 32.70  43.338199  66.060841 21.029  248.51  254.73  254.58
   2     3.585 54676.34989911 31.12  43.344640  66.060614 18.472  248.51  254.73  254.58
   2     4.318 54676.34989970 28.84  43.351080  66.060388 11.697  248.51  254.73  254.58
   2     5.789 54676.34990029 28.58  43.357520  66.060161 12.102  248.51  254.73  254.58
   2     4.211 54676.34990088 33.73  43.363960  66.059934 25.174  248.51  254.73  254.58
   3     1.049 54686.26554232 46.00  43.345366  66.062348   -100  255.25  259.94  260.43
   3     1.560 54686.26554292 42.80  43.351807  66.062121   -100  255.25  259.94  260.43
   3     1.445 54686.26554351 46.26  43.358247  66.061895 30.269  255.25  259.94  260.43
   3     1.424 54686.26554410 47.98  43.364688  66.061668   -100  255.25  259.94  260.43
   4     0.294 54696.18118358 37.55  43.342471  66.063635   -100  246.17  251.87  252.66
   4     0.265 54696.18118417 37.90  43.348912  66.063409   -100  246.17  251.87  252.66
   4     0.223 54696.18118476 35.50  43.355353  66.063182 26.294  246.17  251.87  252.66
   4     4.084 54696.18118535 32.01  43.361794  66.062955 17.106  246.17  251.87  252.66
   5     0.025 54706.09682327 36.35  43.342646  66.062880 30.967  248.76  255.42  256.60
   5    -0.471 54706.09682386 37.03  43.349086  66.062654   -100  248.76  255.42  256.60
   5    -0.193 54706.09682445 33.80  43.355527  66.062427 28.201  248.76  255.42  256.60
   5     3.795 54706.09682504 31.20  43.361967  66.062201 15.795  248.76  255.42  256.60
   6    -0.780 54716.01247547 45.25  43.340548  66.060370  9.546  238.62  244.67  245.83
   6    -0.753 54716.01247606 44.31  43.346988  66.060144   -100  238.62  244.67  245.83
   6    -0.078 54716.01247665 34.74  43.353427  66.059918 22.113  238.62  244.67  245.83
   6     4.274 54716.01247724 31.98  43.359867  66.059691 14.748  238.62  244.67  245.83
   7     2.135 54725.92812537 31.90  43.340306  66.057810 16.116  242.16  247.71  248.61
   7     2.812 54725.92812596 30.18  43.346745  66.057584 11.813  242.16  247.71  248.61
   7     1.610 54725.92812655 32.35  43.353184  66.057357 18.257  242.16  247.71  248.61
   7     3.956 54725.92812714 32.67  43.359623  66.057130 15.744  242.16  247.71  248.61
   8     3.107 54735.84377322 43.71  43.338441  66.057171   -100  243.37  247.64  248.47
   8     3.220 54735.84377381 40.27  43.344880  66.056944   -100  243.37  247.64  248.47
   8     3.199 54735.84377440 40.92  43.351319  66.056718   -100  243.37  247.64  248.47
   8     3.928 54735.84377499 37.89  43.357757  66.056491 23.734  243.37  247.64  248.47
   9     2.985 54745.75942018 30.04  43.336281  66.058684 17.205  244.71  250.60  251.00
   9     3.306 54745.75942077 30.11  43.342720  66.058458 16.174  244.71  250.60  251.00
   9    -3.785 54745.75942136 34.39  43.349160  66.058231 28.138  244.71  250.60  251.00
   9     3.787 54745.75942195 34.67  43.355599  66.058004 28.159  244.71  250.60  251.00
  10     0.532 54755.67506716 45.33  43.339180  66.060185   -100  240.01  242.71  245.24
  10     0.619 54755.67506775 49.03  43.345620  66.059959   -100  240.01  242.71  245.24
  10     0.475 54755.67506834 49.02  43.352060  66.059732   -100  240.01  242.71  245.24
  10     0.504 54755.67506893 46.38  43.358500  66.059505   -100  240.01  242.71  245.24
  11     3.178 54765.59071249 31.31  43.339349  66.060084 16.745  244.08  248.32  249.45
  11     3.237 54765.59071308 31.79  43.345789  66.059858 17.536  244.08  248.32  249.45
  11     3.902 54765.59071367 31.61  43.352229  66.059631 15.535  244.08  248.32  249.45
  11     4.073 54765.59071426 33.65  43.358669  66.059404 18.573  244.08  248.32  249.45
  12    -0.666 54775.50635480 33.40  43.338457  66.058104   -100  248.90  249.66  249.50
  12    -0.412 54775.50635539 31.07  43.344897  66.057878 27.986  248.90  249.66  249.50
  12     3.763 54775.50635598 28.05  43.351337  66.057651 17.640  248.90  249.66  249.50
  12     4.222 54775.50635657 27.46  43.357777  66.057424 12.694  248.90  249.66  249.50
  13    13.156 54785.42199478 30.03  43.339144  66.056192 11.575  238.88  241.81  243.63
  13     4.123 54785.42199537 30.88  43.345584  66.055966 12.373  238.88  241.81  243.63
  13     4.158 54785.42199596 34.27  43.352024  66.055739 22.821  238.88  241.81  243.63
  14     2.342 54795.33763305 41.87  43.337575  66.056372 29.867  253.53  253.78  253.45
  14     2.113 54795.33763364 46.04  43.344015  66.056146   -100  253.53  253.78  253.45
  14     2.028 54795.33763423 45.65  43.350454  66.055919   -100  253.53  253.78  253.45
  17    -0.084 54825.08455450 46.12  43.341222  66.061164  1.776  249.04  245.91  237.30
  17     0.051 54825.08455509 49.61  43.347663  66.060938  3.777  249.04  245.91  237.30
  17     0.075 54825.08455568 50.13  43.354103  66.060711  7.026  249.04  245.91  237.30
  17    -0.098 54825.08455627 51.38  43.360544  66.060484 28.506  249.04  245.91  237.30
  18    -1.028 54835.00019429 44.67  43.342518  66.060152   -100  246.28  242.82  233.37
  18    -0.554 54835.00019488 49.04  43.348958  66.059926   -100  246.28  242.82  233.37
  18    -0.880 54835.00019547 47.96  43.355398  66.059699   -100  246.28  242.82  233.37
  18    -0.837 54835.00019606 43.80  43.361838  66.059472   -100  246.28  242.82  233.37
  19    -0.883 54844.91584408 44.99  43.342456  66.059854   -100  245.30  243.30  233.11
  19    -0.758 54844.91584467 47.92  43.348896  66.059627   -100  245.30  243.30  233.11
  19    -0.566 54844.91584526 47.89  43.355335  66.059400   -100  245.30  243.30  233.11
  19     4.426 54844.91584585 45.22  43.361775  66.059173   -100  245.30  243.30  233.11
  20     1.039 54854.83149267 41.74  43.338500  66.060757   -100  244.55  242.35  233.74
  20     0.858 54854.83149327 44.43  43.344940  66.060531 12.004  244.55  242.35  233.74
  20     1.021 54854.83149386 43.34  43.351380  66.060304   -100  244.55  242.35  233.74
  20     1.064 54854.83149445 44.65  43.357820  66.060077  1.694  244.55  242.35  233.74
  20     0.935 54854.83149504 42.87  43.364260  66.059850  4.241  244.55  242.35  233.74
  21     2.659 54864.74714163 29.04  43.340318  66.062276 21.322  241.78  238.61  229.99
  21     2.555 54864.74714222 30.23  43.346759  66.062050 26.922  241.78  238.61  229.99
  21     2.654 54864.74714281 28.42  43.353199  66.061823 21.179  241.78  238.61  229.99
  21     2.465 54864.74714340 30.31  43.359640  66.061596 27.528  241.78  238.61  229.99
  22     3.648 54874.66279018 20.22  43.341119  66.062819  6.144  239.05  233.74  223.32
  22     3.117 54874.66279078 20.76  43.347560  66.062592  7.046  239.05  233.74  223.32
  22     2.232 54874.66279137 23.96  43.354000  66.062365 11.459  239.05  233.74  223.32
  22     1.806 54874.66279196 26.12  43.360441  66.062138 14.998  239.05  233.74  223.32
  23     7.080 54884.57843639 18.20  43.344926  66.061741  6.333 -100.00 -100.00 -100.00
  23     5.133 54884.57843698 19.00  43.351367  66.061514  6.817 -100.00 -100.00 -100.00
  23     0.386 54884.57843757 22.23  43.357807  66.061287 11.482 -100.00 -100.00 -100.00
  23     0.465 54884.57843816 24.48  43.364248  66.061060 15.948 -100.00 -100.00 -100.00
  24     7.860 54894.49407868 17.18  43.343019  66.059395  4.953  244.37  239.58  225.72
  24     5.996 54894.49407927 17.45  43.349460  66.059168  5.142  244.37  239.58  225.72
  24    11.045 54894.49407986 16.86  43.355900  66.058941  4.372  244.37  239.58  225.72
  24     9.594 54894.49408045 17.50  43.362340  66.058714  4.647  244.37  239.58  225.72
  25    13.470 54904.40971812 16.66  43.339059  66.057418  3.824  246.55  242.02  228.04
  25    12.754 54904.40971871 16.90  43.345499  66.057192  3.648  246.55  242.02  228.04
  25    11.825 54904.40971930 16.69  43.351939  66.056965  3.668  246.55  242.02  228.04
  25    11.064 54904.40971989 16.45  43.358379  66.056738  3.636  246.55  242.02  228.04
  26     4.012 54914.32535671 18.42  43.338668  66.057153  5.425 -100.00 -100.00 -100.00
  26     4.212 54914.32535730 20.02  43.345108  66.056926  7.380 -100.00 -100.00 -100.00
  26     4.275 54914.32535789 20.36  43.351547  66.056699  8.345 -100.00 -100.00 -100.00
  26     4.718 54914.32535848 19.78  43.357987  66.056472  6.670 -100.00 -100.00 -100.00
  27     9.820 54924.24099474 17.84  43.338212  66.058472  4.849  242.15  237.43  224.58
  27    12.400 54924.24099533 17.83  43.344651  66.058246  4.325  242.15  237.43  224.58
  27     4.960 54924.24099592 20.14  43.351091  66.058019  6.813  242.15  237.43  224.58
  27     5.195 54924.24099651 19.73  43.357531  66.057792  6.853  242.15  237.43  224.58
  28     8.963 54934.15663197 20.52  43.337472  66.059939  6.158  242.68  243.36  235.29
  28     8.766 54934.15663256 20.22  43.343912  66.059713  5.687  242.68  243.36  235.29
  28     5.635 54934.15663315 21.85  43.350352  66.059486  7.513  242.68  243.36  235.29
  28     4.147 54934.15663374 23.10  43.356792  66.059259  8.975  242.68  243.36  235.29
  28     5.279 54934.15663433 23.00  43.363231  66.059032  8.378  242.68  243.36  235.29
  29     8.985 54944.07226769 16.66  43.341304  66.059929  4.934  230.85  226.46  211.11
  29     7.073 54944.07226828 17.47  43.347744  66.059702  5.501  230.85  226.46  211.11
  29     3.744 54944.07226887 19.76  43.354184  66.059476  8.004  230.85  226.46  211.11
  29    -0.029 54944.07226946 20.83  43.360623  66.059249 10.053  230.85  226.46  211.11
  30    -0.996 54953.98790076 30.03  43.339596  66.058544 26.131  251.38  247.82  231.88
  30    -1.000 54953.98790135 31.12  43.346035  66.058318 28.184  251.38  247.82  231.88
  30    -1.218 54953.98790194 34.33  43.352474  66.058092   -100  251.38  247.82  231.88
  30    -1.366 54953.98790253 36.88  43.358913  66.057865   -100  251.38  247.82  231.88
  31    -0.677 54963.90354592 43.60  43.338752  66.056780   -100  236.11  241.83  242.76
  31    -0.740 54963.90354651 47.00  43.345191  66.056554   -100  236.11  241.83  242.76
  31    -0.585 54963.90354710 48.17  43.351629  66.056328   -100  236.11  241.83  242.76
  32     1.856 54973.81919416 45.92  43.337528  66.056726   -100  234.42  239.71  240.75
  32     1.858 54973.81919475 50.18  43.343966  66.056500  6.310  234.42  239.71  240.75
  32     1.827 54973.81919534 49.24  43.350404  66.056273  2.032  234.42  239.71  240.75
  32     1.659 54973.81919593 49.08  43.356843  66.056047   -100  234.42  239.71  240.75
  33     3.325 54983.73484199 37.46  43.339455  66.058345   -100  245.15  249.61  250.88
  33     3.580 54983.73484258 32.24  43.345894  66.058118 24.535  245.15  249.61  250.88
  33     3.992 54983.73484317 31.98  43.352334  66.057892 22.163  245.15  249.61  250.88
  33     4.198 54983.73484376 38.85  43.358772  66.057665   -100  245.15  249.61  250.88
  34     3.271 54993.65048958 28.49  43.340858  66.060282 10.361  257.71  262.76  263.62
  34     3.167 54993.65049017 30.22  43.347298  66.060056 14.346  257.71  262.76  263.62
  34     3.500 54993.65049076 29.74  43.353737  66.059829 12.989  257.71  262.76  263.62
  34     3.911 54993.65049135 35.92  43.360177  66.059602 27.720  257.71  262.76  263.62
  35     0.437 55003.56613573 32.74  43.338600  66.061193 26.850  256.37  261.40  263.12
  35     3.541 55003.56613632 29.74  43.345040  66.060967 15.573  256.37  261.40  263.12
  35     0.433 55003.56613691 30.85  43.351481  66.060741 19.022  256.37  261.40  263.12
  35     3.741 55003.56613750 32.63  43.357921  66.060514 25.486  256.37  261.40  263.12
  35     3.858 55003.56613809 34.59  43.364360  66.060287 29.056  256.37  261.40  263.12
  36     0.314 55013.48178012 36.10  43.338703  66.060904 25.945  267.35  270.49  270.67
  36     0.735 55013.48178071 38.88  43.345144  66.060677 20.364  267.35  270.49  270.67
  36    -0.173 55013.48178130 42.74  43.351584  66.060451   -100  267.35  270.49  270.67
  36    -0.245 55013.48178189 48.09  43.358024  66.060224  6.084  267.35  270.49  270.67
  37     0.011 55023.39742356 33.63  43.343592  66.060193 32.154  271.52  275.39  275.65
  37    -0.671 55023.39742415 35.91  43.350032  66.059966   -100  271.52  275.39  275.65
  37    -0.750 55023.39742474 38.14  43.356472  66.059739   -100  271.52  275.39  275.65
  37    -0.873 55023.39742533 37.37  43.362912  66.059512 32.326  271.52  275.39  275.65
  38     0.681 55033.31306576 28.41  43.342555  66.060757 17.965  265.00  268.65  267.47
  38     0.691 55033.31306635 26.78  43.348995  66.060531 12.020  265.00  268.65  267.47
  38     3.504 55033.31306694 26.90  43.355435  66.060304 13.112  265.00  268.65  267.47
  38     3.539 55033.31306753 29.07  43.361875  66.060077 17.223  265.00  268.65  267.47
  39     3.175 55043.22870733 45.25  43.342424  66.061810   -100  255.59  261.12  261.80
  39     2.859 55043.22870792 45.32  43.348864  66.061584   -100  255.59  261.12  261.80
  39     2.998 55043.22870851 49.17  43.355304  66.061357 11.305  255.59  261.12  261.80
  39     2.830 55043.22870910 49.27  43.361744  66.061130  0.150  255.59  261.12  261.80
  40     1.907 55053.14434714 29.58  43.340302  66.062338 24.471  257.55  262.44  262.01
  40     1.745 55053.14434773 27.49  43.346742  66.062112 19.344  257.55  262.44  262.01
  40     3.603 55053.14434832 26.34  43.353183  66.061886 16.036  257.55  262.44  262.01
  40     4.183 55053.14434891 25.57  43.359623  66.061659 12.688  257.55  262.44  262.01
  41     3.430 55063.05998528 27.04  43.343858  66.061070 14.232  251.18  258.80  259.61
  41    11.739 55063.05998587 24.78  43.350298  66.060844  9.840  251.18  258.80  259.61
  41     4.167 55063.05998646 26.16  43.356738  66.060617 11.130  251.18  258.80  259.61
  41     4.299 55063.05998705 26.95  43.363178  66.060391 10.865  251.18  258.80  259.61
  42    -0.355 55072.97562993 49.48  43.342480  66.059040   -100  241.57  246.84  247.94
  42    -0.392 55072.97563052 52.28  43.348919  66.058814 21.373  241.57  246.84  247.94
  42    -0.533 55072.97563111 53.25  43.355358  66.058588 16.389  241.57  246.84  247.94
  42     3.867 55072.97563171 50.20  43.361797  66.058361   -100  241.57  246.84  247.94
  43    -0.755 55082.89127754 40.70  43.334969  66.057569   -100  252.96  259.48  259.18
  43    -0.896 55082.89127813 45.13  43.341408  66.057343   -100  252.96  259.48  259.18
  43    -0.805 55082.89127872 43.49  43.347846  66.057116   -100  252.96  259.48  259.18
  43    -1.039 55082.89127931 42.90  43.354285  66.056890   -100  252.96  259.48  259.18
  44    -0.848 55092.80692442 35.68  43.337273  66.057340   -100  243.96  248.13  249.26
  44    -0.716 55092.80692501 36.52  43.343712  66.057114 32.435  243.96  248.13  249.26
  44    -0.672 55092.80692560 37.93  43.350150  66.056887 31.189  243.96  248.13  249.26
  44    -0.898 55092.80692619 39.57  43.356589  66.056660   -100  243.96  248.13  249.26
  45     3.566 55102.72257110 27.96  43.340281  66.058162 10.524  241.41  245.10  246.74
  45     4.029 55102.72257170 27.61  43.346721  66.057935  9.535  241.41  245.10  246.74
  45     4.170 55102.72257229 29.10  43.353160  66.057709 12.865  241.41  245.10  246.74
  45     4.484 55102.72257288 37.09  43.359599  66.057482 29.101  241.41  245.10  246.74
  46     3.441 55112.63821702 31.19  43.338130  66.059274 17.581  233.51  239.02  241.63
  46     3.951 55112.63821761 29.44  43.344570  66.059048 11.567  233.51  239.02  241.63
  46     4.166 55112.63821820 30.17  43.351010  66.058821 13.765  233.51  239.02  241.63
  46     4.457 55112.63821879 33.30  43.357450  66.058594 18.802  233.51  239.02  241.63
  47     1.400 55122.55386084 35.43  43.338545  66.059111   -100  247.03  249.44  251.35
  47     3.518 55122.55386143 29.62  43.344985  66.058885 18.717  247.03  249.44  251.35
  47     3.912 55122.55386202 27.56  43.351425  66.058658 10.800  247.03  249.44  251.35
  47     4.184 55122.55386261 31.73  43.357865  66.058431 22.058  247.03  249.44  251.35
  48     0.159 55132.46950146 32.67  43.335594  66.058069 25.580  256.36  257.37  258.00
  48    -0.160 55132.46950205 33.82  43.342034  66.057843 27.558  256.36  257.37  258.00
  48    -0.235 55132.46950264 33.78  43.348474  66.057616 29.151  256.36  257.37  258.00
  48    -0.445 55132.46950324 36.52  43.354914  66.057389   -100  256.36  257.37  258.00
  49    -0.240 55142.38514050 35.18  43.337443  66.056794 27.000  251.25  251.52  249.96
  49    -0.361 55142.38514109 34.57  43.343882  66.056568 29.531  251.25  251.52  249.96
  49    -0.729 55142.38514168 39.17  43.350322  66.056341   -100  251.25  251.52  249.96
  49    -0.824 55142.38514227 39.70  43.356762  66.056114   -100  251.25  251.52  249.96
  50    -0.861 55152.30077893 45.28  43.339287  66.056959   -100  254.54  255.09  253.68
  50    -0.788 55152.30077952 47.44  43.345727  66.056733   -100  254.54  255.09  253.68
  50    -0.872 55152.30078011 47.42  43.352166  66.056506   -100  254.54  255.09  253.68
  51     1.404 55162.21641719 40.14  43.336394  66.058558   -100  253.50  252.50  248.80
  51     1.540 55162.21641778 42.93  43.342834  66.058332   -100  253.50  252.50  248.80
  51     1.301 55162.21641837 46.53  43.349274  66.058105   -100  253.50  252.50  248.80
  51     1.421 55162.21641896 48.50  43.355714  66.057879   -100  253.50  252.50  248.80
  52     3.271 55172.13205548 42.24  43.337832  66.060263   -100  252.48  252.72  249.65
  52     3.023 55172.13205607 45.33  43.344272  66.060037 22.834  252.48  252.72  249.65
  52     3.215 55172.13205666 43.69  43.350712  66.059811  1.512  252.48  252.72  249.65
  52     3.063 55172.13205725 40.68  43.357153  66.059584   -100  252.48  252.72  249.65
  52     3.049 55172.13205784 37.83  43.363593  66.059357   -100  252.48  252.72  249.65
  53     2.098 55182.04769253 50.27  43.342825  66.061035  4.768  252.66  250.74  245.85
  53     1.904 55182.04769312 45.44  43.349265  66.060809  8.538  252.66  250.74  245.85
  53     2.017 55182.04769371 47.04  43.355705  66.060583  5.289  252.66  250.74  245.85
  53     1.709 55182.04769430 45.46  43.362145  66.060356 23.994  252.66  250.74  245.85
  54    -0.443 55191.96334296 32.50  43.343822  66.060848   -100  252.44  250.68  244.60
  54    -0.713 55191.96334355 35.20  43.350262  66.060622   -100  252.44  250.68  244.60
  54    -0.139 55191.96334414 36.24  43.356702  66.060395   -100  252.44  250.68  244.60
  54    -0.099 55191.96334473 37.18  43.363142  66.060168   -100  252.44  250.68  244.60
  55     0.809 55201.87899275 23.10  43.340286  66.061001 15.992  251.20  248.22  238.84
  55     0.506 55201.87899334 26.80  43.346726  66.060774 25.703  251.20  248.22  238.84
  55     0.598 55201.87899393 28.33  43.353166  66.060548 26.756  251.20  248.22  238.84
  55     0.547 55201.87899452 30.58  43.359606  66.060321   -100  251.20  248.22  238.84
  56     6.184 55211.79464227 15.93  43.340924  66.061368  4.213 -100.00 -100.00 -100.00
  56     5.960 55211.79464286 15.77  43.347364  66.061142  4.364 -100.00 -100.00 -100.00
  56     0.088 55211.79464345 23.41  43.353804  66.060915 16.806 -100.00 -100.00 -100.00
  56     0.319 55211.79464404 20.14  43.360244  66.060688 10.186 -100.00 -100.00 -100.00
  57     1.374 55221.71029115 31.19  43.339675  66.061760   -100  253.31  248.71  235.52
  57     1.595 55221.71029174 31.81  43.346116  66.061534   -100  253.31  248.71  235.52
  57     1.510 55221.71029233 32.08  43.352556  66.061307   -100  253.31  248.71  235.52
  57     1.504 55221.71029292 30.62  43.358997  66.061080   -100  253.31  248.71  235.52
  58     3.078 55231.62593907 27.75  43.340848  66.061027 26.605  251.34  247.80  233.30
  58     2.865 55231.62593966 29.36  43.347288  66.060801   -100  251.34  247.80  233.30
  58     2.911 55231.62594025 29.23  43.353729  66.060574   -100  251.34  247.80  233.30
  58     2.981 55231.62594084 28.21  43.360169  66.060347 30.511  251.34  247.80  233.30
  59     2.324 55241.54158365 23.73  43.340353  66.059653 17.136  250.58  244.31  225.52
  59     2.406 55241.54158424 22.40  43.346794  66.059427 13.998  250.58  244.31  225.52
  59     2.373 55241.54158483 22.98  43.353234  66.059200 14.876  250.58  244.31  225.52
  59     2.745 55241.54158542 20.85  43.359674  66.058973 11.187  250.58  244.31  225.52
  60    10.629 55251.45722491 14.42  43.341594  66.058071  3.854  250.54  244.59  227.02
  60    12.474 55251.45722550 14.64  43.348034  66.057845  4.284  250.54  244.59  227.02
  60    10.804 55251.45722609 14.45  43.354474  66.057618  3.831  250.54  244.59  227.02
  61    13.308 55261.37286348 15.77  43.338182  66.057435  4.556 -100.00 -100.00 -100.00
  61    12.995 55261.37286407 16.00  43.344622  66.057209  4.262 -100.00 -100.00 -100.00
  61     4.569 55261.37286466 17.02  43.351062  66.056982  6.287 -100.00 -100.00 -100.00
  61    11.253 55261.37286525 15.48  43.357501  66.056755  3.927 -100.00 -100.00 -100.00
  62    -0.126 55271.28850173 22.37  43.341185  66.057823 14.584  250.20  241.32  220.06
  62    -0.150 55271.28850233 25.17  43.347625  66.057597 17.813  250.20  241.32  220.06
  62     0.081 55271.28850292 26.08  43.354065  66.057370 18.906  250.20  241.32  220.06
  63     2.530 55281.20413965 18.47  43.341399  66.058572  7.204  251.63  242.65  220.48
  63     0.182 55281.20414024 24.52  43.347839  66.058345 17.682  251.63  242.65  220.48
  63     0.355 55281.20414083 25.00  43.354278  66.058118 15.385  251.63  242.65  220.48
  63     0.007 55281.20414142 24.12  43.360718  66.057891 16.172  251.63  242.65  220.48
  64     2.861 55291.11977643 30.44  43.342022  66.058837   -100  252.38  245.92  227.23
  64     2.914 55291.11977702 32.34  43.348461  66.058611   -100  252.38  245.92  227.23
  64     2.934 55291.11977761 34.48  43.354900  66.058384   -100  252.38  245.92  227.23
  64     2.825 55291.11977820 33.14  43.361340  66.058157   -100  252.38  245.92  227.23
  65     2.109 55301.03541088 31.53  43.342226  66.058444   -100  248.74  242.38  221.89
  65     2.193 55301.03541148 32.10  43.348665  66.058218   -100  248.74  242.38  221.89
  65     2.304 55301.03541207 33.18  43.355104  66.057992   -100  248.74  242.38  221.89
  66     1.210 55310.95105726 31.05  43.336713  66.057697 31.873  250.73  252.09  247.20
  66     1.140 55310.95105785 33.16  43.343151  66.057471   -100  250.73  252.09  247.20
  66     1.067 55310.95105844 34.11  43.349590  66.057245   -100  250.73  252.09  247.20
  66     1.099 55310.95105903 34.20  43.356029  66.057018   -100  250.73  252.09  247.20
  67    -0.120 55320.86670309 35.51  43.339911  66.057229 22.430  232.17  237.20  240.00
  67     3.001 55320.86670369 35.71  43.346350  66.057003 19.243  232.17  237.20  240.00
  67     3.808 55320.86670428 38.39  43.352788  66.056776 29.822  232.17  237.20  240.00
  68    -0.329 55330.78234714 44.19  43.336055  66.057975   -100  247.41  254.59  253.17
  68    -0.455 55330.78234773 47.59  43.342494  66.057749   -100  247.41  254.59  253.17
  68    -0.590 55330.78234832 49.34  43.348932  66.057523  3.908  247.41  254.59  253.17
  68    -0.768 55330.78234891 49.68  43.355371  66.057296  8.080  247.41  254.59  253.17
  69    -0.981 55340.69799171 41.72  43.338853  66.059162   -100  255.44  260.07  260.48
  69    -0.882 55340.69799230 40.98  43.345292  66.058936   -100  255.44  260.07  260.48
  69    -0.909 55340.69799289 43.62  43.351731  66.058709   -100  255.44  260.07  260.48
  69    -0.895 55340.69799348 43.02  43.358170  66.058482   -100  255.44  260.07  260.48
  70     2.904 55350.61363591 29.23  43.340051  66.060091 28.336  259.97  262.86  263.93
  70     3.420 55350.61363650 26.16  43.346491  66.059865 16.870  259.97  262.86  263.93
  70     3.878 55350.61363709 24.16  43.352931  66.059638 10.476  259.97  262.86  263.93
  70     3.967 55350.61363768 26.86  43.359370  66.059411 18.089  259.97  262.86  263.93
  71     3.347 55360.52927794 30.25  43.340542  66.060550 18.520  252.56  256.03  256.13
  71     3.596 55360.52927853 29.97  43.346982  66.060324 19.879  252.56  256.03  256.13
  71     3.876 55360.52927912 30.63  43.353422  66.060097 21.260  252.56  256.03  256.13
  71     4.026 55360.52927971 30.26  43.359862  66.059871 16.014  252.56  256.03  256.13
  72     1.161 55370.44491788 31.41  43.341766  66.060720   -100  264.90  267.78  268.53
  72     3.411 55370.44491847 25.95  43.348206  66.060494 15.064  264.90  267.78  268.53
  72     3.936 55370.44491906 23.30  43.354646  66.060267 11.332  264.90  267.78  268.53
  72     4.036 55370.44491965 23.38  43.361086  66.060040  9.185  264.90  267.78  268.53
  73    -0.256 55380.36055645 30.00  43.343958  66.061123 20.445  259.91  264.34  264.67
  73    -0.205 55380.36055704 33.21  43.350398  66.060896 28.723  259.91  264.34  264.67
  73     3.174 55380.36055763 32.47  43.356838  66.060670 28.304  259.91  264.34  264.67
  73    -0.489 55380.36055822 35.25  43.363278  66.060443   -100  259.91  264.34  264.67
  74    -0.625 55390.27619388 30.95  43.341466  66.061904 22.451  266.28  272.21  271.06
  74    -0.739 55390.27619447 34.20  43.347906  66.061678   -100  266.28  272.21  271.06
  74    -0.604 55390.27619506 35.04  43.354347  66.061451   -100  266.28  272.21  271.06
  74    -0.571 55390.27619565 35.96  43.360787  66.061224   -100  266.28  272.21  271.06
  75    -1.026 55400.19183080 34.49  43.345327  66.061870 29.482  268.12  275.30  274.55
  75    -0.327 55400.19183139 35.34  43.351768  66.061644 27.667  268.12  275.30  274.55
  75    -0.875 55400.19183198 37.27  43.358208  66.061417   -100  268.12  275.30  274.55
  75    -1.427 55400.19183257 38.74  43.364648  66.061191   -100  268.12  275.30  274.55
  76     2.670 55410.10747826 30.02  43.340931  66.060767   -100  263.46  269.94  269.05
  76     3.098 55410.10747885 26.82  43.347371  66.060540 24.326  263.46  269.94  269.05
  76     2.692 55410.10747944 25.92  43.353811  66.060314 21.468  263.46  269.94  269.05
  76     3.530 55410.10748003 23.98  43.360251  66.060087 12.727  263.46  269.94  269.05
  77     4.095 55420.02312829 49.76  43.337367  66.058763   -100  260.00  266.50  264.61
  77     4.116 55420.02312888 40.31  43.343807  66.058537   -100  260.00  266.50  264.61
  77     4.078 55420.02312947 38.18  43.350246  66.058311 30.687  260.00  266.50  264.61
  77     4.285 55420.02313006 38.98  43.356685  66.058085 32.674  260.00  266.50  264.61
  78     2.189 55429.93877527 35.24  43.335765  66.057349   -100  253.12  257.57  257.99
  78     2.020 55429.93877586 33.93  43.342204  66.057123   -100  253.12  257.57  257.99
  78     3.722 55429.93877645 27.28  43.348642  66.056896 17.534  253.12  257.57  257.99
  78     3.953 55429.93877705 26.89  43.355081  66.056670 17.020  253.12  257.57  257.99
  79    -0.299 55439.85442024 49.61  43.339734  66.057400   -100  251.82  255.39  255.52
  79    -0.295 55439.85442083 44.79  43.346173  66.057173   -100  251.82  255.39  255.52
  79    -0.287 55439.85442142 45.05  43.352611  66.056947   -100  251.82  255.39  255.52
  79    -0.296 55439.85442201 45.34  43.359050  66.056720   -100  251.82  255.39  255.52
  80    -0.170 55449.77006321 37.76  43.338339  66.058593   -100  255.81  260.45  261.07
  80    -0.319 55449.77006380 40.84  43.344778  66.058366   -100  255.81  260.45  261.07
  80    -0.297 55449.77006439 41.33  43.351217  66.058139   -100  255.81  260.45  261.07
  80    -0.287 55449.77006498 42.10  43.357656  66.057912   -100  255.81  260.45  261.07
  81    -0.889 55459.68570581 42.45  43.337505  66.059271   -100  253.83  257.22  257.71
  81    -1.112 55459.68570640 47.64  43.343945  66.059045  7.292  253.83  257.22  257.71
  81    -0.834 55459.68570699 48.16  43.350384  66.058818   -100  253.83  257.22  257.71
  81    -0.843 55459.68570758 49.75  43.356824  66.058591   -100  253.83  257.22  257.71
  82     2.796 55469.60134748 36.70  43.336254  66.058801   -100  236.84  241.44  244.24
  82     2.810 55469.60134807 36.14  43.342694  66.058575 29.913  236.84  241.44  244.24
  82     2.916 55469.60134866 35.12  43.349134  66.058349 25.095  236.84  241.44  244.24
  82     3.897 55469.60134925 32.59  43.355574  66.058122 15.948  236.84  241.44  244.24
  83     3.895 55479.51698614 37.23  43.336388  66.057652 26.921  250.03  253.21  253.69
  83     3.217 55479.51698673 39.18  43.342828  66.057426   -100  250.03  253.21  253.69
  83     3.900 55479.51698732 39.72  43.349268  66.057200   -100  250.03  253.21  253.69
  83     4.342 55479.51698791 38.68  43.355708  66.056973 31.207  250.03  253.21  253.69
  84    13.477 55489.43262208 26.52  43.337036  66.057001 11.729  245.93  249.15  250.19
  84    13.002 55489.43262267 26.41  43.343476  66.056775 11.840  245.93  249.15  250.19
  84     3.900 55489.43262326 30.93  43.349916  66.056548 23.566  245.93  249.15  250.19
  84     4.222 55489.43262385 32.91  43.356356  66.056322 27.230  245.93  249.15  250.19
  85     0.139 55499.34825586 45.46  43.338590  66.057484   -100  247.33  251.22  254.03
  85    -0.288 55499.34825645 48.11  43.345030  66.057258  6.716  247.33  251.22  254.03
  85    -0.036 55499.34825704 51.46  43.351470  66.057032   -100  247.33  251.22  254.03
  85    -0.207 55499.34825763 50.86  43.357910  66.056805  6.673  247.33  251.22  254.03
  86    -0.085 55509.26389590 43.38  43.336421  66.059015   -100  251.08  252.39  253.20
  86    -0.224 55509.26389649 48.35  43.342861  66.058789   -100  251.08  252.39  253.20
  86    -0.208 55509.26389708 49.79  43.349302  66.058563   -100  251.08  252.39  253.20
  86    -0.461 55509.26389767 50.58  43.355742  66.058337 10.474  251.08  252.39  253.20
  87    -0.623 55519.17954654 46.62  43.343294  66.059862   -100  234.62  234.38  226.72
  87    -0.689 55519.17954713 47.64  43.349735  66.059635   -100  234.62  234.38  226.72
  87    -0.908 55519.17954772 51.42  43.356175  66.059409  4.120  234.62  234.38  226.72
  87    -0.845 55519.17954831 44.75  43.362615  66.059182   -100  234.62  234.38  226.72
  88     0.830 55529.09519552 38.54  43.342117  66.060409 30.651  237.95  233.44  226.37
  88     1.305 55529.09519611 39.34  43.348558  66.060182 24.006  237.95  233.44  226.37
  88     0.686 55529.09519670 42.47  43.354998  66.059956   -100  237.95  233.44  226.37
  88     0.373 55529.09519729 47.76  43.361438  66.059729 26.260  237.95  233.44  226.37
  89     3.090 55539.01084295 36.78  43.343571  66.060255   -100  242.15  241.24  235.63
  89     3.251 55539.01084355 35.60  43.350012  66.060028   -100  242.15  241.24  235.63
  89     3.382 55539.01084414 32.35  43.356452  66.059801 27.416  242.15  241.24  235.63
  89     3.251 55539.01084473 31.98  43.362891  66.059574 32.724  242.15  241.24  235.63
  90     1.977 55548.92648762 28.20  43.339424  66.060434 29.383  239.99  236.84  229.02
  90     1.951 55548.92648821 26.76  43.345865  66.060207 21.886  239.99  236.84  229.02
  90     1.941 55548.92648880 28.38  43.352304  66.059981 30.849  239.99  236.84  229.02
  90     1.947 55548.92648939 25.33  43.358744  66.059754 20.697  239.99  236.84  229.02
  91     1.391 55558.84213125 18.52  43.343132  66.060924  5.890  242.02  240.90  232.53
  91     5.005 55558.84213184 19.19  43.349572  66.060697  6.853  242.02  240.90  232.53
  91     3.906 55558.84213243 18.07  43.356012  66.060471  5.635  242.02  240.90  232.53
  91     3.145 55558.84213302 19.28  43.362452  66.060243  5.808  242.02  240.90  232.53
  92     0.394 55568.75777373 21.00  43.343898  66.061840  8.160  242.17  240.41  229.41
  92     0.193 55568.75777432 20.78  43.350338  66.061614  6.974  242.17  240.41  229.41
  92    -1.355 55568.75777491 21.56  43.356778  66.061387  7.915  242.17  240.41  229.41
  92    -1.564 55568.75777550 22.66  43.363219  66.061159 11.066  242.17  240.41  229.41
  93     3.257 55578.67341543 17.19  43.345592  66.061716  4.346  244.22  241.35  229.31
  93     3.099 55578.67341602 17.79  43.352032  66.061489  5.737  244.22  241.35  229.31
  93    -1.797 55578.67341662 18.83  43.358473  66.061262  6.825  244.22  241.35  229.31
  93    -0.583 55578.67341721 18.58  43.364913  66.061035  6.305  244.22  241.35  229.31
  94     3.474 55588.58905428 17.12  43.341911  66.060180  6.269  244.61  239.09  223.36
  94     5.209 55588.58905487 15.53  43.348352  66.059953  4.700  244.61  239.09  223.36
  94     8.721 55588.58905546 15.39  43.354792  66.059727  4.486  244.61  239.09  223.36
  94     3.639 55588.58905605 16.86  43.361232  66.059500  5.990  244.61  239.09  223.36
  95     4.442 55598.50469008 16.50  43.337966  66.057944  6.534  244.40  238.12  220.52
  95    12.551 55598.50469067 15.38  43.344406  66.057717  5.061  244.40  238.12  220.52
  95     5.691 55598.50469126 16.66  43.350846  66.057491  6.422  244.40  238.12  220.52
  95    11.582 55598.50469185 15.03  43.357286  66.057264  4.606  244.40  238.12  220.52
  96     5.933 55608.42032384 15.09  43.339934  66.056653  5.215  242.57  235.53  215.72
  96     5.120 55608.42032443 17.36  43.346373  66.056427  8.126  242.57  235.53  215.72
  96     9.924 55608.42032502 15.41  43.352813  66.056201  5.943  242.57  235.53  215.72
  97    13.202 55618.33595555 13.26  43.339872  66.057395  2.356 -100.00 -100.00 -100.00
  97    12.808 55618.33595614 13.50  43.346312  66.057169  3.292 -100.00 -100.00 -100.00
  97    11.805 55618.33595673 13.55  43.352752  66.056943  3.354 -100.00 -100.00 -100.00
  97    11.504 55618.33595732 13.65  43.359192  66.056717  3.410 -100.00 -100.00 -100.00
  98     3.367 55628.25160235 17.44  43.338528  66.059366  6.591 -100.00 -100.00 -100.00
  98     3.345 55628.25160294 17.59  43.344968  66.059140  6.041 -100.00 -100.00 -100.00
  98     4.734 55628.25160353 16.98  43.351408  66.058914  5.627 -100.00 -100.00 -100.00
  98     8.334 55628.25160412 16.93  43.357848  66.058687  5.611 -100.00 -100.00 -100.00
  99     5.532 55638.16725357 15.67  43.338043  66.060170  4.710  242.94  235.10  213.73
  99     6.938 55638.16725416 15.66  43.344483  66.059944  5.042  242.94  235.10  213.73
  99     6.385 55638.16725475 16.25  43.350923  66.059717  5.374  242.94  235.10  213.73
  99     5.718 55638.16725534 15.95  43.357363  66.059491  5.322  242.94  235.10  213.73
 100    13.261 55648.08290271 13.30  43.337282  66.059209  2.950 -100.00 -100.00 -100.00
 100    11.503 55648.08290330 13.52  43.343722  66.058983  3.673 -100.00 -100.00 -100.00
 100    11.114 55648.08290389 13.72  43.350161  66.058757  3.221 -100.00 -100.00 -100.00
 100    10.797 55648.08290448 13.56  43.356601  66.058530  3.282 -100.00 -100.00 -100.00
 101     2.681 55657.99854874 34.21  43.334962  66.057273   -100  251.67  250.95  234.96
 101     2.460 55657.99854933 36.38  43.341401  66.057047   -100  251.67  250.95  234.96
 101     2.452 55657.99854992 37.64  43.347840  66.056820   -100  251.67  250.95  234.96
 101     2.352 55657.99855051 36.46  43.354279  66.056594   -100  251.67  250.95  234.96
 102     3.671 55667.91419090 37.73  43.335056  66.056349   -100  252.54  253.39  250.44
 102     3.786 55667.91419149 38.05  43.341494  66.056123   -100  252.54  253.39  250.44
 102     3.966 55667.91419208 40.82  43.347933  66.055897   -100  252.54  253.39  250.44
 102     4.179 55667.91419267 39.03  43.354371  66.055670   -100  252.54  253.39  250.44
 103     1.565 55677.82983073 39.10  43.338999  66.057324   -100  240.49  243.37  245.19
 103     3.245 55677.82983132 39.51  43.345437  66.057098   -100  240.49  243.37  245.19
 103     3.980 55677.82983191 39.85  43.351876  66.056871 32.272  240.49  243.37  245.19
 103     4.301 55677.82983250 42.29  43.358314  66.056644   -100  240.49  243.37  245.19
 104    -0.232 55687.74546860 49.69  43.342949  66.059436  2.491  240.07  246.74  246.72
 104    -0.217 55687.74546919 49.54  43.349389  66.059210   -100  240.07  246.74  246.72
 104    -0.071 55687.74546978 46.51  43.355828  66.058983   -100  240.07  246.74  246.72
 104     4.371 55687.74547037 47.58  43.362267  66.058756   -100  240.07  246.74  246.72
 105     0.114 55697.66110465 41.86  43.340889  66.061168 30.817  249.08  251.71  253.86
 105     0.120 55697.66110524 44.24  43.347329  66.060942 27.739  249.08  251.71  253.86
 105    -0.436 55697.66110583 46.45  43.353769  66.060716   -100  249.08  251.71  253.86
 105    -0.462 55697.66110642 51.48  43.360209  66.060489   -100  249.08  251.71  253.86
 106    -0.744 55707.57674026 48.73  43.344160  66.061200   -100  253.82  260.16  261.20
 106    -0.752 55707.57674085 47.22  43.350600  66.060974   -100  253.82  260.16  261.20
 106    -1.074 55707.57674144 51.31  43.357040  66.060748 20.115  253.82  260.16  261.20
 106    -1.297 55707.57674203 52.88  43.363480  66.060521   -100  253.82  260.16  261.20
 107     2.951 55717.49239104 32.47  43.339377  66.060484   -100  260.37  263.40  264.72
 107     3.288 55717.49239163 29.28  43.345817  66.060258 23.273  260.37  263.40  264.72
 107     3.600 55717.49239222 28.73  43.352257  66.060032 21.017  260.37  263.40  264.72
 107     4.031 55717.49239281 27.53  43.358697  66.059805 14.296  260.37  263.40  264.72
 108     3.387 55727.40803979 38.72  43.342180  66.060094   -100  260.58  262.80  264.89
 108     3.428 55727.40804038 34.25  43.348620  66.059867   -100  260.58  262.80  264.89
 108     3.444 55727.40804097 32.76  43.355061  66.059641   -100  260.58  262.80  264.89
 108     3.727 55727.40804157 30.06  43.361500  66.059414 22.359  260.58  262.80  264.89
 109     1.719 55737.32368676 29.25  43.343474  66.060804 30.505  271.21  275.23  274.55
 109     3.389 55737.32368735 26.92  43.349914  66.060578 19.128  271.21  275.23  274.55
 109     1.583 55737.32368794 28.82  43.356354  66.060351 27.645  271.21  275.23  274.55
 109     1.070 55737.32368853 32.17  43.362794  66.060124   -100  271.21  275.23  274.55
 110     1.784 55747.23933250 29.60  43.345003  66.061750 18.097  261.04  265.19  266.64
 110     1.564 55747.23933309 28.28  43.351443  66.061524 13.361  261.04  265.19  266.64
 110     1.190 55747.23933369 31.35  43.357883  66.061297 19.181  261.04  265.19  266.64
 110     3.952 55747.23933428 31.26  43.364323  66.061070 18.251  261.04  265.19  266.64
 111    -0.242 55757.15497590 44.25  43.343562  66.061647   -100  264.57  267.54  267.95
 111    -0.234 55757.15497649 44.65  43.350003  66.061421   -100  264.57  267.54  267.95
 111    -0.379 55757.15497708 41.98  43.356443  66.061194   -100  264.57  267.54  267.95
 111    -0.088 55757.15497767 37.52  43.362883  66.060967   -100  264.57  267.54  267.95
 112    -1.412 55767.07061631 42.70  43.337815  66.060071   -100  265.63  273.29  271.52
 112    -1.409 55767.07061691 44.23  43.344255  66.059845   -100  265.63  273.29  271.52
 112    -1.036 55767.07061750 46.73  43.350694  66.059619   -100  265.63  273.29  271.52
 112    -1.548 55767.07061809 45.97  43.357134  66.059392  5.462  265.63  273.29  271.52
 113    -0.325 55776.98625457 37.12  43.341175  66.057499   -100  258.25  263.45  262.83
 113    -0.306 55776.98625516 33.96  43.347613  66.057273   -100  258.25  263.45  262.83
 113     2.307 55776.98625576 29.26  43.354052  66.057046 18.066  258.25  263.45  262.83
 114     1.635 55786.90188951 37.94  43.337909  66.056291   -100  251.72  257.31  257.12
 114     1.548 55786.90189010 36.28  43.344347  66.056065 27.164  251.72  257.31  257.12
 114     1.669 55786.90189069 34.35  43.350786  66.055839 19.111  251.72  257.31  257.12
 115     1.100 55796.81752289 41.34  43.336561  66.057441   -100  254.37  257.84  258.50
 115     1.081 55796.81752348 43.55  43.343000  66.057216  8.061  254.37  257.84  258.50
 115     1.335 55796.81752407 44.47  43.349438  66.056989   -100  254.37  257.84  258.50
 115     1.123 55796.81752466 45.00  43.355877  66.056763 11.737  254.37  257.84  258.50
 116     3.330 55806.73316513 29.13  43.341365  66.059238 19.552  253.90  257.33  258.40
 116     3.855 55806.73316572 27.21  43.347805  66.059012  9.959  253.90  257.33  258.40
 116     3.985 55806.73316631 30.85  43.354244  66.058786 22.338  253.90  257.33  258.40
 116     4.340 55806.73316690 34.41  43.360684  66.058559 29.679  253.90  257.33  258.40
 117     0.570 55816.64881383 41.68  43.338181  66.060496 24.506  262.46  265.85  266.76
 117     0.011 55816.64881442 52.69  43.344621  66.060270 16.769  262.46  265.85  266.76
 117     0.045 55816.64881501 50.75  43.351061  66.060044  5.765  262.46  265.85  266.76
 117     0.050 55816.64881561 52.28  43.357501  66.059817 12.094  262.46  265.85  266.76
 117     0.051 55816.64881620 43.91  43.363941  66.059590   -100  262.46  265.85  266.76
 118    -0.564 55826.56446003 36.59  43.342273  66.059298 27.257  256.56  259.63  260.80
 118     1.778 55826.56446062 36.11  43.348713  66.059072 32.074  256.56  259.63  260.80
 118    -0.523 55826.56446121 37.24  43.355153  66.058846 30.218  256.56  259.63  260.80
 118    -0.747 55826.56446180 33.86  43.361593  66.058619 25.835  256.56  259.63  260.80
 119     0.211 55836.48010092 38.67  43.336258  66.057648 30.929  254.47  256.39  258.53
 119    -0.551 55836.48010151 41.38  43.342698  66.057422   -100  254.47  256.39  258.53
 119    -0.891 55836.48010210 40.40  43.349138  66.057196   -100  254.47  256.39  258.53
 119     4.108 55836.48010269 37.56  43.355577  66.056970 25.583  254.47  256.39  258.53
 120     2.800 55846.39573925 28.95  43.338035  66.056401 22.069  248.29  251.34  252.91
 120     3.457 55846.39573984 28.34  43.344475  66.056175 20.106  248.29  251.34  252.91
 120     4.028 55846.39574043 27.57  43.350915  66.055949 15.370  248.29  251.34  252.91
 121     2.004 55856.31137464 34.54  43.335787  66.057765   -100  248.68  252.74  254.27
 121     1.886 55856.31137523 31.45  43.342227  66.057539 32.381  248.68  252.74  254.27
 121     3.382 55856.31137582 29.62  43.348667  66.057313 24.502  248.68  252.74  254.27
 121     1.640 55856.31137641 36.10  43.355107  66.057086   -100  248.68  252.74  254.27
 122     1.338 55866.22701793 48.66  43.343042  66.059883  7.758  243.02  246.12  249.22
 122     1.334 55866.22701852 44.09  43.349483  66.059657   -100  243.02  246.12  249.22
 122     1.140 55866.22701911 45.00  43.355923  66.059430   -100  243.02  246.12  249.22
 122     4.222 55866.22701970 40.25  43.362363  66.059204   -100  243.02  246.12  249.22
 123     0.397 55876.14267033 39.97  43.341705  66.061729   -100  240.55  246.90  249.10
 123     0.467 55876.14267092 41.44  43.348146  66.061503 31.220  240.55  246.90  249.10
 123     0.125 55876.14267151 43.30  43.354587  66.061276   -100  240.55  246.90  249.10
 123     4.047 55876.14267210 38.22  43.361027  66.061049 28.231  240.55  246.90  249.10
 133     0.824 55975.29910267 31.64  43.340437  66.057087   -100  243.53  237.77  218.71
 133     0.730 55975.29910326 33.97  43.346877  66.056861   -100  243.53  237.77  218.71
 133     0.985 55975.29910385 32.25  43.353316  66.056634   -100  243.53  237.77  218.71
 134     5.033 55985.21473910 18.63  43.342132  66.059276  6.846  243.88  237.68  215.58
 134     6.018 55985.21473969 17.76  43.348572  66.059050  5.036  243.88  237.68  215.58
 134     9.916 55985.21474028 17.33  43.355012  66.058823  5.139  243.88  237.68  215.58
 134    10.662 55985.21474087 16.70  43.361452  66.058596  3.862  243.88  237.68  215.58
 135     5.462 55995.13037327 18.75  43.339340  66.060695  5.733  245.66  237.17  212.15
 135     5.325 55995.13037386 17.31  43.345780  66.060469  4.361  245.66  237.17  212.15
 135     3.901 55995.13037445 18.11  43.352220  66.060243  5.086  245.66  237.17  212.15
 135     6.406 55995.13037504 18.03  43.358660  66.060016  5.040  245.66  237.17  212.15
 136     5.495 56005.04602551 17.02  43.340319  66.059606  5.477  239.64  232.56  210.13
 136     4.663 56005.04602610 17.85  43.346759  66.059380  5.972  239.64  232.56  210.13
 136     6.809 56005.04602669 17.22  43.353198  66.059153  4.716  239.64  232.56  210.13
 136     9.244 56005.04602728 17.00  43.359638  66.058927  5.414  239.64  232.56  210.13
 137     6.516 56014.96167354 15.20  43.337773  66.057516  4.201  239.32  227.53  199.93
 137    13.017 56014.96167413 14.33  43.344212  66.057290  3.696  239.32  227.53  199.93
 137    11.737 56014.96167472 15.08  43.350651  66.057064  4.941  239.32  227.53  199.93
 137    11.658 56014.96167531 14.16  43.357089  66.056837  3.306  239.32  227.53  199.93
 139     0.558 56034.79296172 25.15  43.336619  66.057956 16.290  249.60  246.61  229.58
 139     0.505 56034.79296231 28.06  43.343058  66.057730 26.085  249.60  246.61  229.58
 139     0.561 56034.79296290 29.72  43.349497  66.057503   -100  249.60  246.61  229.58
 139     0.595 56034.79296349 27.54  43.355936  66.057276 24.668  249.60  246.61  229.58
 141     3.968 56054.62424162 38.18  43.343555  66.062001 18.528  245.28  250.23  250.47
 141     3.515 56054.62424221 41.17  43.349996  66.061775 32.172  245.28  250.23  250.47
 141     3.982 56054.62424280 38.99  43.356436  66.061548 26.490  245.28  250.23  250.47
 141     4.379 56054.62424339 40.94  43.362876  66.061321 28.711  245.28  250.23  250.47
 142     0.357 56064.53987619 42.68  43.343689  66.062153   -100  248.70  253.97  254.21
 142     0.415 56064.53987678 44.39  43.350130  66.061927   -100  248.70  253.97  254.21
 142     0.136 56064.53987737 45.17  43.356570  66.061701  3.059  248.70  253.97  254.21
 142     0.026 56064.53987796 43.52  43.363010  66.061474   -100  248.70  253.97  254.21
 143    -0.875 56074.45551972 44.79  43.338965  66.061205   -100  258.18  261.83  263.18
 143    -0.844 56074.45552031 47.49  43.345406  66.060979   -100  258.18  261.83  263.18
 143    -1.037 56074.45552090 48.79  43.351846  66.060753  7.993  258.18  261.83  263.18
 143    -1.140 56074.45552150 48.69  43.358286  66.060527 10.928  258.18  261.83  263.18
 144     0.001 56084.37116955 36.17  43.340809  66.060438 28.344  251.50  256.19  257.52
 144    -0.991 56084.37117014 39.26  43.347249  66.060212   -100  251.50  256.19  257.52
 144    -0.907 56084.37117073 39.77  43.353689  66.059985   -100  251.50  256.19  257.52
 144     3.795 56084.37117132 40.87  43.360129  66.059759   -100  251.50  256.19  257.52
 145     1.103 56094.28681666 40.09  43.338810  66.060563   -100  261.89  266.35  268.24
 145     1.428 56094.28681725 33.94  43.345250  66.060337 32.627  261.89  266.35  268.24
 145     1.156 56094.28681784 33.87  43.351690  66.060110   -100  261.89  266.35  268.24
 145     4.148 56094.28681844 28.86  43.358130  66.059883 14.365  261.89  266.35  268.24
 146     3.031 56104.20246177 27.47  43.338381  66.061084 20.297  259.30  265.90  266.23
 146     3.737 56104.20246236 26.12  43.344821  66.060858 13.018  259.30  265.90  266.23
 146     3.671 56104.20246295 26.29  43.351262  66.060631 16.895  259.30  265.90  266.23
 146     3.865 56104.20246354 30.16  43.357701  66.060405 27.415  259.30  265.90  266.23
 146     4.218 56104.20246413 28.74  43.364141  66.060178 20.328  259.30  265.90  266.23
 147     1.587 56114.11809260 41.64  43.340115  66.060611  5.891  254.82  260.85  262.20
 147     1.810 56114.11809319 38.22  43.346555  66.060385   -100  254.82  260.85  262.20
 147     1.844 56114.11809378 35.27  43.352995  66.060158 32.709  254.82  260.85  262.20
 147     4.199 56114.11809437 31.71  43.359434  66.059931 17.554  254.82  260.85  262.20
 148     0.232 56124.03373087 42.09  43.337866  66.059598   -100  252.71  260.13  259.04
 148     0.375 56124.03373146 46.92  43.344305  66.059372   -100  252.71  260.13  259.04
 148     0.104 56124.03373205 47.10  43.350744  66.059145   -100  252.71  260.13  259.04
 148     0.183 56124.03373264 47.77  43.357183  66.058919   -100  252.71  260.13  259.04
 149    -0.623 56133.94936546 40.19  43.338916  66.057915   -100  249.62  256.36  256.11
 149    -0.516 56133.94936605 38.60  43.345355  66.057689   -100  249.62  256.36  256.11
 149    -0.416 56133.94936664 43.78  43.351794  66.057463   -100  249.62  256.36  256.11
 149    -0.852 56133.94936724 42.77  43.358232  66.057237   -100  249.62  256.36  256.11
 150    -0.591 56143.86500505 42.53  43.340780  66.057064   -100  254.64  262.74  260.75
 150    -0.608 56143.86500564 44.75  43.347219  66.056838   -100  254.64  262.74  260.75
 150    -0.375 56143.86500623 45.14  43.353657  66.056611   -100  254.64  262.74  260.75
 151     0.874 56153.78065532 32.79  43.339775  66.057556 25.779  250.79  258.18  257.58
 151     3.777 56153.78065591 27.14  43.346214  66.057330  9.095  250.79  258.18  257.58
 151     3.921 56153.78065651 28.30  43.352653  66.057103 11.882  250.79  258.18  257.58
 151     4.146 56153.78065710 30.58  43.359092  66.056876 13.151  250.79  258.18  257.58
 152     2.767 56163.69630437 31.90  43.339882  66.058944   -100  255.22  260.93  261.33
 152     3.488 56163.69630496 29.86  43.346321  66.058718 22.304  255.22  260.93  261.33
 152     4.047 56163.69630556 27.33  43.352761  66.058491 13.350  255.22  260.93  261.33
 152     4.253 56163.69630615 28.42  43.359200  66.058264 15.242  255.22  260.93  261.33
 153     2.098 56173.61195164 38.78  43.343059  66.059774   -100  252.64  257.91  260.20
 153     1.985 56173.61195223 37.50  43.349499  66.059547   -100  252.64  257.91  260.20
 153     3.498 56173.61195282 31.75  43.355938  66.059321 17.728  252.64  257.91  260.20
 153     3.731 56173.61195341 34.82  43.362378  66.059094 24.485  252.64  257.91  260.20
 154     1.834 56183.52759314 42.40  43.338423  66.059607   -100  257.00  260.40  261.66
 154     0.604 56183.52759373 46.98  43.344863  66.059381   -100  257.00  260.40  261.66
 154     0.556 56183.52759432 47.66  43.351303  66.059155   -100  257.00  260.40  261.66
 154     0.175 56183.52759491 49.10  43.357743  66.058928 13.678  257.00  260.40  261.66
 155    -0.567 56193.44323149 47.72  43.340073  66.058265   -100  256.48  259.40  260.54
 155    -0.439 56193.44323208 43.71  43.346513  66.058039   -100  256.48  259.40  260.54
 155    -0.651 56193.44323267 44.34  43.352953  66.057813   -100  256.48  259.40  260.54
 155    -0.568 56193.44323326 43.45  43.359392  66.057586   -100  256.48  259.40  260.54
 156     2.649 56203.35886672 30.71  43.337777  66.057666 14.400  249.37  254.65  255.66
 156     2.917 56203.35886731 32.25  43.344217  66.057440 14.973  249.37  254.65  255.66
 156     3.566 56203.35886790 34.16  43.350657  66.057214 24.868  249.37  254.65  255.66
 156     3.843 56203.35886849 33.44  43.357097  66.056987 21.249  249.37  254.65  255.66
 157    -0.106 56213.27450076 36.97  43.340743  66.058630   -100  237.47  242.24  245.15
 157     3.721 56213.27450135 31.03  43.347183  66.058404 12.792  237.47  242.24  245.15
 157     3.337 56213.27450194 36.95  43.353623  66.058178 31.589  237.47  242.24  245.15
 157     3.689 56213.27450253 38.20  43.360063  66.057951 32.507  237.47  242.24  245.15
 158     3.354 56223.19013369 34.25  43.340556  66.060900 32.052  240.64  245.28  247.52
 158     3.587 56223.19013428 32.52  43.346996  66.060674 22.403  240.64  245.28  247.52
 158     3.835 56223.19013487 31.52  43.353437  66.060447 19.502  240.64  245.28  247.52
 158     4.252 56223.19013546 33.40  43.359877  66.060221 24.079  240.64  245.28  247.52
 159     2.137 56233.10579031 46.83  43.344796  66.062198   -100  252.96  256.28  258.41
 159     2.076 56233.10579090 47.97  43.351236  66.061972  5.167  252.96  256.28  258.41
 159     2.230 56233.10579149 50.90  43.357677  66.061746   -100  252.96  256.28  258.41
 159     1.777 56233.10579208 44.17  43.364117  66.061519 12.134  252.96  256.28  258.41
 160     0.253 56243.02144248 46.11  43.344205  66.062236  1.804  240.22  242.68  236.90
 160     0.453 56243.02144307 46.94  43.350645  66.062009   -100  240.22  242.68  236.90
 160     0.245 56243.02144366 48.03  43.357086  66.061783  6.797  240.22  242.68  236.90
 160     0.337 56243.02144425 47.14  43.363526  66.061556  8.310  240.22  242.68  236.90
 161     1.290 56252.93708971 38.61  43.339471  66.061432 27.280  246.17  250.48  247.59
 161    -0.195 56252.93709030 41.87  43.345911  66.061206   -100  246.17  250.48  247.59
 161    -0.045 56252.93709089 42.44  43.352351  66.060979   -100  246.17  250.48  247.59
 161    -0.173 56252.93709148 44.63  43.358791  66.060753   -100  246.17  250.48  247.59
 162    -0.590 56262.85273277 37.87  43.338407  66.060735 27.615  245.02  242.60  236.13
 162    -0.772 56262.85273336 39.89  43.344847  66.060509   -100  245.02  242.60  236.13
 162    -0.724 56262.85273395 42.44  43.351287  66.060283   -100  245.02  242.60  236.13
 162    -0.719 56262.85273454 46.09  43.357726  66.060056   -100  245.02  242.60  236.13
 162    -0.826 56262.85273513 44.33  43.364166  66.059829   -100  245.02  242.60  236.13
 164     1.099 56282.68401693 30.61  43.343428  66.060561   -100  247.40  243.71  234.14
 164     1.243 56282.68401752 29.38  43.349869  66.060335 24.967  247.40  243.71  234.14
 164     1.493 56282.68401811 28.96  43.356309  66.060108 24.880  247.40  243.71  234.14
 164     1.480 56282.68401870 28.68  43.362749  66.059881 24.750  247.40  243.71  234.14
 165     1.979 56292.59966866 21.94  43.342439  66.060020 11.862  251.05  248.99  240.22
 165     5.199 56292.59966925 20.13  43.348880  66.059794  8.950  251.05  248.99  240.22
 165     4.264 56292.59966984 19.27  43.355320  66.059567  7.834  251.05  248.99  240.22
 165    10.550 56292.59967043 18.80  43.361760  66.059340  6.935  251.05  248.99  240.22
 166    13.743 56302.51531550 17.07  43.336529  66.058847  3.497  249.45  245.03  233.98
 166    12.573 56302.51531609 17.34  43.342969  66.058621  3.804  249.45  245.03  233.98
 166     4.898 56302.51531668 18.26  43.349409  66.058395  4.474  249.45  245.03  233.98
 166     3.860 56302.51531727 21.09  43.355849  66.058168  9.074  249.45  245.03  233.98
 167    13.199 56312.43095909 16.91  43.340839  66.057464  4.501  248.79  244.97  233.67
 167    12.520 56312.43095968 16.73  43.347279  66.057237  4.608  248.79  244.97  233.67
 167    11.880 56312.43096027 16.75  43.353719  66.057010  4.259  248.79  244.97  233.67
 168    13.948 56322.34659972 15.43  43.336411  66.057510  3.193 -100.00 -100.00 -100.00
 168    13.423 56322.34660031 15.93  43.342851  66.057284  3.556 -100.00 -100.00 -100.00
 168    12.166 56322.34660090 15.84  43.349291  66.057058  3.039 -100.00 -100.00 -100.00
 168    11.918 56322.34660149 15.80  43.355731  66.056831  3.253 -100.00 -100.00 -100.00
 169    13.740 56332.26224013 15.37  43.335890  66.058535  3.360 -100.00 -100.00 -100.00
 169    13.035 56332.26224072 15.73  43.342330  66.058308  2.995 -100.00 -100.00 -100.00
 169    12.375 56332.26224131 15.59  43.348770  66.058082  3.285 -100.00 -100.00 -100.00
 169    11.753 56332.26224190 14.95  43.355210  66.057855  3.027 -100.00 -100.00 -100.00
 170     4.122 56342.17788050 20.78  43.339719  66.059354  8.444 -100.00 -100.00 -100.00
 170     5.228 56342.17788109 19.70  43.346159  66.059128  7.642 -100.00 -100.00 -100.00
 170     7.316 56342.17788168 19.20  43.352599  66.058902  6.354 -100.00 -100.00 -100.00
 170     5.950 56342.17788227 20.90  43.359038  66.058675  8.944 -100.00 -100.00 -100.00
 171    13.415 56352.09351824 13.28  43.339783  66.059651  3.010  248.12  242.51  227.64
 171    12.733 56352.09351883 13.14  43.346223  66.059425  3.197  248.12  242.51  227.64
 171    12.310 56352.09351942 12.82  43.352663  66.059198  2.541  248.12  242.51  227.64
 171    11.611 56352.09352001 12.88  43.359102  66.058971  2.536  248.12  242.51  227.64
 172     6.383 56362.00915895 15.04  43.341567  66.058934  4.248  247.23  241.17  224.65
 172     9.436 56362.00915954 14.96  43.348007  66.058708  4.806  247.23  241.17  224.65
 172    10.961 56362.00916013 14.59  43.354446  66.058482  4.045  247.23  241.17  224.65
 172    10.858 56362.00916072 14.86  43.360885  66.058255  4.812  247.23  241.17  224.65
 173    13.551 56371.92480817 12.72  43.340189  66.058289  2.879  248.03  240.25  221.98
 173    13.205 56371.92480876 12.63  43.346628  66.058062  2.795  248.03  240.25  221.98
 173    12.376 56371.92480935 12.41  43.353067  66.057836  2.427  248.03  240.25  221.98
 173    11.805 56371.92480994 12.35  43.359506  66.057609  2.641  248.03  240.25  221.98
 174    13.698 56381.84045461 13.53  43.337882  66.058656  2.901  249.19  242.10  222.89
 174    12.978 56381.84045520 13.94  43.344321  66.058430  3.630  249.19  242.10  222.89
 174    12.542 56381.84045579 13.80  43.350760  66.058203  3.109  249.19  242.10  222.89
 174    11.624 56381.84045638 13.93  43.357199  66.057976  3.220  249.19  242.10  222.89
 175    12.735 56391.75609930 15.16  43.340284  66.059926  4.038  248.22  240.30  219.93
 175    12.493 56391.75609989 15.34  43.346724  66.059700  3.765  248.22  240.30  219.93
 175     8.201 56391.75610048 15.52  43.353163  66.059473  3.833  248.22  240.30  219.93
 175     8.413 56391.75610107 16.06  43.359603  66.059246  5.223  248.22  240.30  219.93
 176     3.300 56401.67174212 39.30  43.339965  66.061236 32.006  244.46  249.07  252.68
 176     2.067 56401.67174271 41.87  43.346404  66.061010   -100  244.46  249.07  252.68
 176     3.439 56401.67174330 42.48  43.352844  66.060783   -100  244.46  249.07  252.68
 176     4.302 56401.67174389 42.14  43.359284  66.060556 29.986  244.46  249.07  252.68
 177     3.641 56411.58738265 43.54  43.344489  66.061742   -100  232.24  236.94  240.67
 177     3.744 56411.58738324 40.15  43.350929  66.061515 31.622  232.24  236.94  240.67
 177     4.041 56411.58738383 39.89  43.357369  66.061288 30.066  232.24  236.94  240.67
 177     4.212 56411.58738442 41.21  43.363810  66.061061 31.894  232.24  236.94  240.67
 178     3.889 56421.50301780 34.01  43.344341  66.061617 19.987  241.40  243.84  246.82
 178     3.899 56421.50301839 35.17  43.350781  66.061390 24.023  241.40  243.84  246.82
 178     4.108 56421.50301898 35.65  43.357222  66.061164 20.665  241.40  243.84  246.82
 178     4.307 56421.50301957 38.27  43.363662  66.060937 30.697  241.40  243.84  246.82
 179     3.104 56431.41865720 32.41  43.343482  66.061312 25.871  256.79  261.40  262.26
 179     3.839 56431.41865779 28.87  43.349922  66.061085 14.108  256.79  261.40  262.26
 179     3.909 56431.41865838 31.15  43.356363  66.060859 16.852  256.79  261.40  262.26
 179     4.068 56431.41865897 32.07  43.362803  66.060632 17.451  256.79  261.40  262.26
 180     2.781 56441.33430966 34.71  43.339496  66.061175 22.596  263.27  267.87  268.95
 180     3.499 56441.33431025 33.82  43.345936  66.060949 23.809  263.27  267.87  268.95
 180     3.318 56441.33431084 36.00  43.352377  66.060722   -100  263.27  267.87  268.95
 180     4.092 56441.33431143 35.17  43.358817  66.060495 26.923  263.27  267.87  268.95
 181    -0.787 56451.24996003 44.62  43.339961  66.061031   -100  264.59  269.04  271.18
 181    -0.811 56451.24996062 46.95  43.346401  66.060805   -100  264.59  269.04  271.18
 181    -0.798 56451.24996121 46.91  43.352842  66.060578   -100  264.59  269.04  271.18
 181    -0.916 56451.24996181 50.24  43.359282  66.060351 10.437  264.59  269.04  271.18
 182     1.531 56461.16560828 34.13  43.342540  66.060316   -100  249.96  254.13  254.57
 182     3.437 56461.16560887 27.35  43.348980  66.060089 16.796  249.96  254.13  254.57
 182     4.155 56461.16560946 26.05  43.355420  66.059862 11.682  249.96  254.13  254.57
 182     4.107 56461.16561005 28.58  43.361859  66.059635 17.040  249.96  254.13  254.57
 183     3.359 56471.08125297 29.82  43.342300  66.059061 31.542  255.16  261.32  261.90
 183     3.554 56471.08125356 28.84  43.348740  66.058835 23.791  255.16  261.32  261.90
 183     3.951 56471.08125415 27.27  43.355179  66.058608 17.959  255.16  261.32  261.90
 183     4.208 56471.08125474 33.90  43.361618  66.058381   -100  255.16  261.32  261.90
 184     2.778 56480.99689395 34.49  43.340930  66.057991   -100  257.45  264.55  263.89
 184     2.671 56480.99689454 31.91  43.347369  66.057765   -100  257.45  264.55  263.89
 184     3.081 56480.99689513 26.07  43.353808  66.057538 19.594  257.45  264.55  263.89
 184     3.261 56480.99689572 27.51  43.360247  66.057311 24.240  257.45  264.55  263.89
 185     2.497 56490.91253061 39.78  43.335189  66.057896 20.766  258.86  264.95  265.04
 185     0.123 56490.91253120 51.94  43.341628  66.057670   -100  258.86  264.95  265.04
 185     0.220 56490.91253179 49.31  43.348067  66.057443   -100  258.86  264.95  265.04
 185     0.130 56490.91253238 52.16  43.354506  66.057217 15.109  258.86  264.95  265.04
 187    -0.202 56510.74379864 43.98  43.337484  66.059527   -100  264.58  269.45  268.88
 187    -0.601 56510.74379923 47.44  43.343923  66.059301   -100  264.58  269.45  268.88
 187    -0.495 56510.74379982 49.46  43.350363  66.059075   -100  264.58  269.45  268.88
 187    -0.585 56510.74380041 51.10  43.356802  66.058848   -100  264.58  269.45  268.88
 188     2.827 56520.65944314 32.40  43.342607  66.059721 29.666  262.70  266.78  266.62
 188     3.527 56520.65944373 27.49  43.349047  66.059495 13.074  262.70  266.78  266.62
 188     3.783 56520.65944432 27.97  43.355487  66.059268 16.829  262.70  266.78  266.62
 188     3.986 56520.65944491 28.67  43.361926  66.059042 16.439  262.70  266.78  266.62
 189     3.324 56530.57509594 32.90  43.337425  66.059473 29.240  257.53  260.50  262.02
 189     3.523 56530.57509653 32.14  43.343865  66.059247 27.866  257.53  260.50  262.02
 189     3.978 56530.57509712 30.88  43.350305  66.059021 19.996  257.53  260.50  262.02
 189     3.978 56530.57509771 33.01  43.356744  66.058794 29.442  257.53  260.50  262.02
 191     2.713 56550.40639088 39.62  43.341960  66.058502 13.847  263.37  266.41  267.28
 191     1.020 56550.40639148 42.94  43.348400  66.058276   -100  263.37  266.41  267.28
 191     0.720 56550.40639207 47.11  43.354840  66.058049   -100  263.37  266.41  267.28
 191     0.466 56550.40639266 50.30  43.361280  66.057822 16.138  263.37  266.41  267.28
 192     2.911 56560.32203347 33.09  43.339643  66.059551 20.783  251.89  255.36  256.46
 192     3.082 56560.32203406 32.15  43.346084  66.059324 21.628  251.89  255.36  256.46
 192    -0.887 56560.32203465 35.54  43.352524  66.059098   -100  251.89  255.36  256.46
 192     3.867 56560.32203524 30.79  43.358964  66.058871 17.808  251.89  255.36  256.46
 193    -0.413 56570.23767571 37.91  43.344592  66.060855   -100  253.18  257.51  259.53
 193    -0.451 56570.23767630 37.05  43.351032  66.060628   -100  253.18  257.51  259.53
 193     3.792 56570.23767689 32.59  43.357473  66.060401 18.923  253.18  257.51  259.53
 193     4.117 56570.23767748 31.21  43.363913  66.060174 19.381  253.18  257.51  259.53
 194    -1.164 56580.15331603 46.22  43.343788  66.062130  5.167  241.66  243.90  240.70
 194    -1.263 56580.15331662 46.16  43.350229  66.061904  8.940  241.66  243.90  240.70
 194    -1.284 56580.15331721 49.37  43.356670  66.061677 28.971  241.66  243.90  240.70
 194    -1.039 56580.15331780 42.94  43.363110  66.061450   -100  241.66  243.90  240.70
 195     3.273 56590.06895234 53.18  43.342548  66.062183 12.819  247.15  250.83  247.23
 195     3.152 56590.06895293 50.27  43.348989  66.061957  9.300  247.15  250.83  247.23
 195     3.098 56590.06895352 53.43  43.355430  66.061731 28.804  247.15  250.83  247.23
 195     3.531 56590.06895411 53.27  43.361870  66.061504   -100  247.15  250.83  247.23
 196     3.914 56599.98459844 49.14  43.340485  66.061362   -100  237.06  236.40  227.02
 196     3.915 56599.98459903 52.10  43.346926  66.061136   -100  237.06  236.40  227.02
 196     3.977 56599.98459962 50.64  43.353366  66.060909   -100  237.06  236.40  227.02
 196     4.038 56599.98460021 49.89  43.359806  66.060683   -100  237.06  236.40  227.02
 197     2.291 56609.90024904 47.40  43.341824  66.060539   -100  245.45  248.26  247.10
 197     2.491 56609.90024963 48.05  43.348264  66.060312   -100  245.45  248.26  247.10
 197     2.007 56609.90025023 51.29  43.354704  66.060086 27.212  245.45  248.26  247.10
 197     2.047 56609.90025082 39.36  43.361143  66.059859   -100  245.45  248.26  247.10
 198     0.023 56619.81589461 40.43  43.340822  66.060958   -100  243.28  242.78  235.61
 198    -0.191 56619.81589520 44.12  43.347263  66.060731   -100  243.28  242.78  235.61
 198    -0.393 56619.81589579 46.06  43.353703  66.060505   -100  243.28  242.78  235.61
 198    -0.276 56619.81589638 43.91  43.360143  66.060278   -100  243.28  242.78  235.61
 199    -0.230 56629.73153706 38.90  43.340437  66.061480 32.468  241.81  239.87  229.92
 199    -0.165 56629.73153765 40.94  43.346877  66.061254 30.960  241.81  239.87  229.92
 199    -0.307 56629.73153824 43.31  43.353318  66.061027 31.968  241.81  239.87  229.92
 199    -0.846 56629.73153884 46.34  43.359758  66.060800  6.536  241.81  239.87  229.92
 200    -0.072 56639.64717664 35.16  43.344706  66.060860 25.840  237.91  234.98  227.00
 200    -0.601 56639.64717723 36.98  43.351147  66.060633   -100  237.91  234.98  227.00
 200    -0.925 56639.64717782 38.09  43.357587  66.060406   -100  237.91  234.98  227.00
 200    -0.819 56639.64717841 36.61  43.364027  66.060179   -100  237.91  234.98  227.00
 201     2.564 56649.56282151 38.93  43.337479  66.059287   -100  245.37  245.32  243.45
 201     2.803 56649.56282210 40.00  43.343919  66.059061 31.809  245.37  245.32  243.45
 201     2.977 56649.56282269 42.93  43.350359  66.058835   -100  245.37  245.32  243.45
 201     2.841 56649.56282328 46.51  43.356799  66.058608   -100  245.37  245.32  243.45
 202     4.220 56659.47847241 34.78  43.335365  66.057439   -100  226.11  216.28  201.21
 202     4.197 56659.47847301 37.13  43.341805  66.057213   -100  226.11  216.28  201.21
 202     4.012 56659.47847360 38.17  43.348245  66.056987   -100  226.11  216.28  201.21
 202     4.275 56659.47847419 33.57  43.354685  66.056760 27.246  226.11  216.28  201.21
 203     2.011 56669.39412010 33.14  43.339904  66.056973   -100  234.22  227.09  213.85
 203     3.649 56669.39412069 32.51  43.346344  66.056747   -100  234.22  227.09  213.85
 203     1.831 56669.39412128 33.88  43.352783  66.056520   -100  234.22  227.09  213.85
 205     4.898 56689.22540867 20.61  43.343030  66.060189  8.912  235.76  228.78  216.99
 205     4.496 56689.22540926 21.29  43.349471  66.059962  9.933  235.76  228.78  216.99
 205     4.288 56689.22540985 23.60  43.355911  66.059735 15.234  235.76  228.78  216.99
 205     4.549 56689.22541044 22.36  43.362351  66.059508 11.731  235.76  228.78  216.99
 206     6.952 56699.14104922 15.73  43.342056  66.060441  5.112  241.97  239.25  228.66
 206     5.411 56699.14104981 17.12  43.348496  66.060215  6.278  241.97  239.25  228.66
 206     6.063 56699.14105040 16.53  43.354936  66.059988  6.353  241.97  239.25  228.66
 206     7.835 56699.14105099 16.25  43.361376  66.059761  5.174  241.97  239.25  228.66
 207     5.343 56709.05668507 19.09  43.340135  66.059319  8.046  240.14  232.14  218.14
 207     5.079 56709.05668566 18.55  43.346574  66.059093  6.662  240.14  232.14  218.14
 207     4.323 56709.05668625 20.68  43.353014  66.058866 10.931  240.14  232.14  218.14
 207     4.456 56709.05668684 19.26  43.359454  66.058640  7.832  240.14  232.14  218.14
 208     3.445 56718.97232454 31.43  43.339018  66.058271 32.224  237.95  234.82  218.86
 208     2.210 56718.97232513 33.65  43.345457  66.058045   -100  237.95  234.82  218.86
 208     4.080 56718.97232572 33.15  43.351896  66.057818   -100  237.95  234.82  218.86
 208     4.465 56718.97232631 33.86  43.358335  66.057592 30.321  237.95  234.82  218.86
 209     3.842 56728.88797674 27.56  43.336489  66.058605 17.358  244.47  243.14  232.42
 209     3.829 56728.88797733 30.25  43.342928  66.058378 27.344  244.47  243.14  232.42
 209     3.857 56728.88797792 31.91  43.349367  66.058152   -100  244.47  243.14  232.42
 209     4.439 56728.88797851 30.08  43.355806  66.057925 22.111  244.47  243.14  232.42
 211     6.768 56748.71927061 16.25  43.345537  66.062146  5.520  231.23  221.68  204.10
 211     7.468 56748.71927120 15.86  43.351977  66.061919  4.927  231.23  221.68  204.10
 211     8.901 56748.71927179 16.40  43.358417  66.061692  5.574  231.23  221.68  204.10
 211     6.810 56748.71927238 17.00  43.364857  66.061465  6.645  231.23  221.68  204.10
 212    12.033 56758.63491011 20.62  43.340341  66.062948  4.526  243.25  246.02  247.73
 212    12.108 56758.63491070 20.04  43.346782  66.062722  4.771  243.25  246.02  247.73
 212    11.457 56758.63491129 20.11  43.353222  66.062495  4.812  243.25  246.02  247.73
 212    10.876 56758.63491188 20.15  43.359663  66.062268  4.719  243.25  246.02  247.73
 213     3.907 56768.55054413 33.39  43.341885  66.062114 16.924  241.29  243.91  246.03
 213     3.930 56768.55054472 33.55  43.348325  66.061888 17.799  241.29  243.91  246.03
 213     4.148 56768.55054531 32.59  43.354766  66.061661 13.183  241.29  243.91  246.03
 213     5.005 56768.55054590 32.89  43.361206  66.061434 13.275  241.29  243.91  246.03
 214     3.477 56778.46619169 39.32  43.343163  66.060633   -100  256.32  256.51  257.73
 214     3.527 56778.46619228 34.06  43.349604  66.060407 30.280  256.32  256.51  257.73
 214     3.353 56778.46619287 33.17  43.356044  66.060180 24.131  256.32  256.51  257.73
 214     3.585 56778.46619346 31.90  43.362484  66.059953 20.106  256.32  256.51  257.73
 215     2.970 56788.38184722 39.22  43.339605  66.060160   -100  245.88  251.25  251.58
 215     3.250 56788.38184781 44.89  43.346045  66.059933   -100  245.88  251.25  251.58
 215     3.199 56788.38184840 44.11  43.352485  66.059707   -100  245.88  251.25  251.58
 215     2.637 56788.38184899 42.50  43.358925  66.059480   -100  245.88  251.25  251.58
 216     3.905 56798.29749999 31.25  43.343790  66.060421 12.128  244.84  251.33  251.29
 216     3.970 56798.29750058 32.29  43.350230  66.060195 13.501  244.84  251.33  251.29
 216     4.186 56798.29750117 34.63  43.356670  66.059968 17.103  244.84  251.33  251.29
 216     4.272 56798.29750176 36.82  43.363110  66.059740 23.407  244.84  251.33  251.29
 217     0.180 56808.21314658 46.12  43.343552  66.061168   -100  252.33  259.57  260.44
 217     0.202 56808.21314717 49.14  43.349992  66.060942   -100  252.33  259.57  260.44
 217     0.082 56808.21314776 51.30  43.356432  66.060715  2.405  252.33  259.57  260.44
 217     0.055 56808.21314835 49.53  43.362872  66.060487  1.559  252.33  259.57  260.44
 219     3.361 56828.04442408 31.32  43.337012  66.059296 12.938  248.76  254.07  256.55
 219     3.288 56828.04442467 31.48  43.343451  66.059069 15.825  248.76  254.07  256.55
 219     3.576 56828.04442526 32.49  43.349890  66.058843 19.395  248.76  254.07  256.55
 219     4.147 56828.04442585 30.58  43.356329  66.058616 12.758  248.76  254.07  256.55
 220     1.518 56837.96005824 45.11  43.338294  66.057379   -100  245.52  251.03  252.26
 220     1.486 56837.96005884 49.32  43.344733  66.057153  1.691  245.52  251.03  252.26
 220     1.454 56837.96005943 50.67  43.351171  66.056926 24.911  245.52  251.03  252.26
 220     1.448 56837.96006002 46.24  43.357609  66.056699  0.099  245.52  251.03  252.26
 221     3.042 56847.87568952 27.31  43.339189  66.057276 16.165  250.12  255.01  256.86
 221     3.292 56847.87569011 26.81  43.345628  66.057050 15.334  250.12  255.01  256.86
 221     3.787 56847.87569070 26.57  43.352066  66.056823 14.222  250.12  255.01  256.86
 221     3.993 56847.87569129 28.61  43.358505  66.056597 18.299  250.12  255.01  256.86
 222     2.905 56857.79134227 33.51  43.337500  66.058735 28.213  257.00  261.97  262.19
 222     1.419 56857.79134286 32.74  43.343939  66.058508 29.560  257.00  261.97  262.19
 222     2.409 56857.79134345 31.36  43.350378  66.058282 22.464  257.00  261.97  262.19
 222     2.732 56857.79134404 31.34  43.356817  66.058055 22.194  257.00  261.97  262.19
 223     3.003 56867.70699599 29.66  43.341182  66.060516 17.816  262.24  267.79  268.64
 223     0.253 56867.70699658 34.87  43.347622  66.060290 29.482  262.24  267.79  268.64
 223     0.296 56867.70699717 33.34  43.354061  66.060063 28.234  262.24  267.79  268.64
 223     3.194 56867.70699776 32.06  43.360501  66.059836 22.349  262.24  267.79  268.64
 224     0.561 56877.62264741 36.17  43.338559  66.060976 16.526  264.56  271.23  272.65
 224    -0.390 56877.62264800 39.95  43.344999  66.060750 27.430  264.56  271.23  272.65
 224    -0.673 56877.62264859 44.36  43.351439  66.060523   -100  264.56  271.23  272.65
 224    -0.813 56877.62264918 46.31  43.357879  66.060297   -100  264.56  271.23  272.65
 224    -0.908 56877.62264977 43.82  43.364319  66.060069   -100  264.56  271.23  272.65
 225     3.034 56887.53829592 34.03  43.338706  66.059862 22.587  261.63  264.85  265.54
 225     2.971 56887.53829651 32.77  43.345146  66.059635 17.666  261.63  264.85  265.54
 225     3.306 56887.53829710 31.57  43.351586  66.059409 16.303  261.63  264.85  265.54
 225     3.742 56887.53829769 30.72  43.358026  66.059182 15.157  261.63  264.85  265.54
 226     3.140 56897.45394154 29.16  43.336708  66.058409 17.534  256.18  259.95  260.38
 226     3.445 56897.45394214 26.00  43.343148  66.058183 10.707  256.18  259.95  260.38
 226     3.822 56897.45394273 27.30  43.349587  66.057956 14.884  256.18  259.95  260.38
 226     3.828 56897.45394332 28.55  43.356027  66.057729 15.918  256.18  259.95  260.38
 227     3.534 56907.36958456 36.46  43.335930  66.058589   -100  254.62  258.05  259.25
 227     3.321 56907.36958515 33.52  43.342370  66.058363   -100  254.62  258.05  259.25
 227     3.721 56907.36958574 27.86  43.348809  66.058136 16.279  254.62  258.05  259.25
 227     3.792 56907.36958634 28.67  43.355249  66.057909 17.335  254.62  258.05  259.25
 228     1.645 56917.28522610 48.53  43.342198  66.060357   -100  250.92  255.06  256.48
 228     1.538 56917.28522669 52.48  43.348638  66.060130 17.495  250.92  255.06  256.48
 228     1.550 56917.28522728 53.41  43.355078  66.059903  8.641  250.92  255.06  256.48
 228     1.663 56917.28522787 51.83  43.361518  66.059676  1.596  250.92  255.06  256.48
 229    -0.036 56927.20086502 35.02  43.341314  66.062728 27.022  243.56  248.91  250.90
 229     0.114 56927.20086561 36.30  43.347755  66.062501 25.134  243.56  248.91  250.90
 229     0.162 56927.20086620 38.14  43.354196  66.062275 29.186  243.56  248.91  250.90
 229    -0.384 56927.20086679 38.19  43.360636  66.062047   -100  243.56  248.91  250.90
 230    -0.009 56937.11650061 40.22  43.344662  66.063506   -100  249.33  253.52  255.58
 230    -0.434 56937.11650120 42.27  43.351103  66.063280   -100  249.33  253.52  255.58
 230    -0.243 56937.11650179 35.13  43.357544  66.063053 27.854  249.33  253.52  255.58
 230     3.949 56937.11650238 31.78  43.363984  66.062826 18.915  249.33  253.52  255.58
 231    -1.253 56947.03213128 40.18  43.345059  66.062435   -100  247.65  250.45  251.39
 231    -0.462 56947.03213187 41.14  43.351499  66.062208 21.209  247.65  250.45  251.39
 231    -0.930 56947.03213246 43.24  43.357939  66.061982   -100  247.65  250.45  251.39
 231    -1.168 56947.03213305 49.60  43.364380  66.061755   -100  247.65  250.45  251.39
 232     1.002 56956.94778489 39.19  43.339191  66.060495 30.912  254.24  257.99  258.02
 232     0.955 56956.94778548 41.34  43.345631  66.060269   -100  254.24  257.99  258.02
 232     0.931 56956.94778607 44.17  43.352071  66.060043   -100  254.24  257.99  258.02
 232     1.005 56956.94778666 46.50  43.358511  66.059816   -100  254.24  257.99  258.02
 233     3.782 56966.86343363 49.01  43.340549  66.059383   -100  250.21  252.71  252.98
 233     3.499 56966.86343422 50.35  43.346988  66.059157   -100  250.21  252.71  252.98
 233     3.566 56966.86343481 50.00  43.353428  66.058930   -100  250.21  252.71  252.98
 233     3.625 56966.86343540 53.80  43.359867  66.058703   -100  250.21  252.71  252.98
 234     1.990 56976.77907827 41.22  43.342869  66.060042   -100  253.86  254.72  254.12
 234     1.994 56976.77907886 47.60  43.349308  66.059816   -100  253.86  254.72  254.12
 234     1.719 56976.77907945 46.71  43.355748  66.059589  8.680  253.86  254.72  254.12
 234     1.569 56976.77908004 44.71  43.362188  66.059362 18.269  253.86  254.72  254.12
 235     0.914 56986.69471795 43.35  43.340576  66.061377 28.075  253.49  255.61  257.21
 235     0.709 56986.69471854 44.86  43.347016  66.061151   -100  253.49  255.61  257.21
 235     0.384 56986.69471913 47.48  43.353456  66.060924   -100  253.49  255.61  257.21
 235     0.162 56986.69471972 49.82  43.359896  66.060697  3.608  253.49  255.61  257.21
 236    -0.136 56996.61035207 37.34  43.340587  66.061340 29.685  247.54  245.12  242.28
 236    -0.167 56996.61035266 40.28  43.347027  66.061114   -100  247.54  245.12  242.28
 236    -0.106 56996.61035325 42.32  43.353468  66.060887   -100  247.54  245.12  242.28
 236    -0.349 56996.61035384 44.50  43.359908  66.060660   -100  247.54  245.12  242.28
 237    -1.096 57006.52599707 37.40  43.341812  66.059457 32.083  253.80  252.45  249.53
 237    -1.161 57006.52599766 40.29  43.348252  66.059230   -100  253.80  252.45  249.53
 237    -0.979 57006.52599825 42.50  43.354693  66.059004 32.573  253.80  252.45  249.53
 237    -1.449 57006.52599884 46.33  43.361133  66.058777   -100  253.80  252.45  249.53
 238    -0.436 57016.44165101 37.24  43.338067  66.057379 26.486  253.96  251.75  248.01
 238    -1.022 57016.44165160 39.19  43.344507  66.057153 27.658  253.96  251.75  248.01
 238    -0.533 57016.44165219 42.32  43.350946  66.056926 25.953  253.96  251.75  248.01
 238    -1.193 57016.44165278 51.61  43.357386  66.056699  4.567  253.96  251.75  248.01
 239     0.264 57026.35730114 36.64  43.334631  66.057046   -100  252.74  250.04  244.86
 239     0.367 57026.35730173 38.16  43.341071  66.056820   -100  252.74  250.04  244.86
 239     0.536 57026.35730232 40.12  43.347511  66.056593   -100  252.74  250.04  244.86
 239     0.330 57026.35730291 41.01  43.353951  66.056367   -100  252.74  250.04  244.86
 240     1.636 57036.27295016 31.46  43.340695  66.058634 25.928  251.38  248.54  239.29
 240     1.912 57036.27295075 34.52  43.347135  66.058408 28.720  251.38  248.54  239.29
 240     1.399 57036.27295134 38.28  43.353575  66.058181 25.957  251.38  248.54  239.29
 240     1.410 57036.27295193 42.24  43.360015  66.057954   -100  251.38  248.54  239.29
 241     0.868 57046.18859616 37.68  43.342124  66.060564   -100  245.95  242.43  230.58
 241     1.335 57046.18859675 39.19  43.348564  66.060337 29.080  245.95  242.43  230.58
 241     1.148 57046.18859734 41.26  43.355004  66.060110   -100  245.95  242.43  230.58
 241     0.650 57046.18859793 45.52  43.361444  66.059883 25.013  245.95  242.43  230.58
 242     0.318 57056.10423833 34.80  43.338727  66.061350   -100  248.36  243.55  231.11
 242     0.335 57056.10423892 35.72  43.345167  66.061124   -100  248.36  243.55  231.11
 242     1.229 57056.10423951 38.24  43.351607  66.060898 20.945  248.36  243.55  231.11
 242     0.759 57056.10424010 41.08  43.358048  66.060671 27.730  248.36  243.55  231.11
 242     0.291 57056.10424069 40.12  43.364487  66.060444   -100  248.36  243.55  231.11
 243    -0.765 57066.01987555 34.27  43.337700  66.060216   -100  245.35  240.43  227.38
 243    -0.465 57066.01987614 34.53  43.344140  66.059990 27.629  245.35  240.43  227.38
 243    -0.013 57066.01987673 37.60  43.350579  66.059763 21.365  245.35  240.43  227.38
 243    -0.736 57066.01987732 41.50  43.357019  66.059537   -100 -100.00 -100.00 -100.00
 243    -1.091 57066.01987791 40.57  43.363458  66.059310 10.719 -100.00 -100.00 -100.00
 244     3.739 57075.93550843 32.64  43.338640  66.059257 22.618  245.81  250.06  254.01
 244     3.604 57075.93550902 34.46  43.345079  66.059031 24.566  245.81  250.06  254.01
 244    -1.193 57075.93550961 36.53  43.351519  66.058805 29.202  245.81  250.06  254.01
 244    -1.037 57075.93551020 39.24  43.357958  66.058578   -100  245.81  250.06  254.01
 245    -0.632 57085.85113847 34.65  43.342361  66.059495 26.385  233.59  230.25  215.88
 245    -0.095 57085.85113906 35.51  43.348800  66.059269 19.084  233.59  230.25  215.88
 245    -0.697 57085.85113965 38.08  43.355239  66.059043   -100  233.59  230.25  215.88
 245    -0.590 57085.85114024 44.20  43.361679  66.058816   -100  233.59  230.25  215.88
 246     2.553 57095.76679540 28.58  43.341905  66.061305 22.915  252.06  254.22  255.86
 246     2.076 57095.76679599 32.58  43.348345  66.061079   -100  252.06  254.22  255.86
 246     2.078 57095.76679658 33.48  43.354785  66.060852   -100  252.06  254.22  255.86
 246     2.144 57095.76679717 34.59  43.361225  66.060626   -100  252.06  254.22  255.86
 247     4.009 57105.68245153 32.28  43.340766  66.063069 29.884  225.96  214.34  197.26
 247     1.246 57105.68245212 35.24  43.347207  66.062842   -100  225.96  214.34  197.26
 247     1.233 57105.68245271 37.62  43.353647  66.062616   -100  225.96  214.34  197.26
 247     1.501 57105.68245330 38.47  43.360088  66.062389   -100  225.96  214.34  197.26
 248    -0.206 57115.59810333 35.55  43.341776  66.063480 30.081 -100.00 -100.00 -100.00
 248     0.360 57115.59810392 38.39  43.348217  66.063253 24.795 -100.00 -100.00 -100.00
 248     0.928 57115.59810451 40.30  43.354658  66.063026 17.927 -100.00 -100.00 -100.00
 248     0.119 57115.59810510 46.56  43.361098  66.062799   -100 -100.00 -100.00 -100.00
 249     3.909 57125.51374883 34.24  43.341920  66.062137 25.085  259.80  259.26  258.11
 249     3.596 57125.51374942 36.24  43.348361  66.061910   -100  259.80  259.26  258.11
 249    -1.122 57125.51375001 38.23  43.354801  66.061684   -100  259.80  259.26  258.11
 249    -1.207 57125.51375060 40.36  43.361242  66.061457   -100  259.80  259.26  258.11
 250     3.756 57135.42938871 31.10  43.338485  66.060505 17.142  257.74  255.74  251.56
 250     3.839 57135.42938930 30.75  43.344925  66.060278 14.617  257.74  255.74  251.56
 250     4.067 57135.42938989 31.17  43.351365  66.060052 14.206  257.74  255.74  251.56
 250     4.187 57135.42939048 33.17  43.357805  66.059825 20.725  257.74  255.74  251.56
