# NaN NaN NaN ;Mean Elev.(m), Avg Gradient(m/km), RMS Gradient(m/km) - SRTM1     
#    9.610  -0.735   2.337 ;Mean Elev.(m), Avg Gradient(m/km), RMS Gradient(m/km) - ASTER GDEM
#    3.056  -0.618   3.540 ;Mean Elev.(m), Avg Gradient(m/km), RMS Gradient(m/km) - GMTED2010 
   1  43.349529  66.059468     2.738     2.744  4 54666.43425502 46.039
   2  43.351080  66.060388     4.184     4.318  5 54676.34989970 31.463
   3  43.355027  66.062008     1.370     1.435  4 54686.26554321 46.126
   4  43.352133  66.063295     1.216     0.279  4 54696.18118446 36.282
   5  43.352306  66.062540     0.789    -0.084  4 54706.09682416 35.145
   6  43.350207  66.060031     0.666    -0.415  4 54716.01247636 42.111
   7  43.349964  66.057470     2.628     2.474  4 54725.92812625 31.874
   8  43.348099  66.056831     3.363     3.209  4 54735.84377411 41.193
   9  43.345940  66.058344     1.573     3.145  4 54745.75942107 32.852
  10  43.348840  66.059845     0.532     0.518  4 54755.67506804 47.733
  11  43.349009  66.059744     3.597     3.569  4 54765.59071337 32.193
  12  43.348117  66.057764     1.727     1.676  4 54775.50635568 30.666
  13  43.345584  66.055966     7.145     4.158  3 54785.42199537 32.135
  14  43.344015  66.056146     2.161     2.113  3 54795.33763364 44.880
  17  43.350883  66.060824    -0.014    -0.017  4 54825.08455539 49.694
  18  43.352178  66.059812    -0.825    -0.859  4 54835.00019518 46.902
  19  43.352115  66.059513     0.555    -0.662  4 54844.91584497 46.727
  20  43.351380  66.060304     0.983     0.987  5 54854.83149386 43.533
  21  43.349979  66.061936     2.583     2.605  4 54864.74714251 29.573
  22  43.350780  66.062478     2.701     2.675  4 54874.66279107 23.436
  23  43.354587  66.061400     3.266     2.799  4 54884.57843728 21.711
  24  43.352680  66.059055     8.624     8.727  4 54894.49407956 17.255
  25  43.348719  66.057078    12.278    12.289  4 54904.40971900 16.678
  26  43.348328  66.056812     4.304     4.244  4 54914.32535759 19.704
  27  43.347871  66.058132     8.094     7.508  4 54924.24099562 19.014
  28  43.350352  66.059486     6.558     5.862  5 54934.15663315 21.902
  29  43.350964  66.059589     4.943     5.409  4 54944.07226858 19.002
  30  43.349255  66.058205    -1.145    -1.109  4 54953.98790164 33.930
  31  43.345191  66.056554    -0.667    -0.677  3 54963.90354651 46.648
  32  43.347185  66.056386     1.800     1.842  4 54973.81919505 48.867
  33  43.349114  66.058005     3.774     3.786  4 54983.73484288 36.154
  34  43.350517  66.059942     3.462     3.386  4 54993.65049047 32.180
  35  43.351480  66.060741     2.402     2.150  5 55003.56613691 32.429
  36  43.348364  66.060564     0.158     0.070  4 55013.48178101 43.757
  37  43.353252  66.059852    -0.571    -0.710  4 55023.39742445 36.575
  38  43.352215  66.060417     2.104     2.098  4 55033.31306664 27.901
  39  43.352084  66.061470     2.966     2.928  4 55043.22870822 47.684
  40  43.349963  66.061999     2.860     2.755  4 55053.14434802 27.520
  41  43.353518  66.060730     5.909     4.233  4 55063.05998617 26.322
  42  43.352138  66.058701     0.647    -0.373  4 55072.97563082 51.567
  43  43.344627  66.057230    -0.874    -0.851  4 55082.89127842 43.333
  44  43.346931  66.057000    -0.784    -0.782  4 55092.80692530 37.681
  45  43.349940  66.057822     4.062     4.099  4 55102.72257199 32.511
  46  43.347790  66.058934     4.004     4.059  4 55112.63821791 31.281
  47  43.348205  66.058771     3.254     3.715  4 55122.55386172 32.087
  48  43.345254  66.057729    -0.170    -0.197  4 55132.46950235 34.446
  49  43.347102  66.056454    -0.539    -0.545  4 55142.38514138 37.737
  50  43.345727  66.056733    -0.840    -0.861  3 55152.30077952 46.824
  51  43.346054  66.058218     1.416     1.413  4 55162.21641807 45.615
  52  43.350712  66.059811     3.124     3.160  5 55172.13205666 42.649
  53  43.352485  66.060696     1.932     1.960  4 55182.04769342 47.542
  54  43.353482  66.060508    -0.348    -0.291  4 55191.96334384 35.599
  55  43.349946  66.060661     0.615     0.573  4 55201.87899364 27.970
  56  43.350584  66.061028     3.138     3.139  4 55211.79464315 19.994
  57  43.349336  66.061420     1.496     1.507  4 55221.71029203 31.461
  58  43.350509  66.060687     2.959     2.946  4 55231.62593996 28.690
  59  43.350014  66.059313     2.462     2.389  4 55241.54158454 22.613
  60  43.348034  66.057845    11.302    10.804  3 55251.45722550 14.504
  61  43.347842  66.057095    10.531    12.124  4 55261.37286436 16.108
  62  43.347625  66.057597    -0.065    -0.126  3 55271.28850233 24.805
  63  43.351058  66.058231     0.768     0.268  4 55281.20414054 23.654
  64  43.351681  66.058497     2.884     2.888  4 55291.11977732 32.837
  65  43.348665  66.058218     2.202     2.193  3 55301.03541148 32.325
  66  43.346371  66.057358     1.129     1.120  4 55310.95105814 33.299
  67  43.346350  66.057003     2.230     3.001  3 55320.86670369 36.746
  68  43.345713  66.057636    -0.535    -0.522  4 55330.78234803 48.170
  69  43.348512  66.058822    -0.917    -0.902  4 55340.69799259 42.458
  70  43.349711  66.059751     3.542     3.649  4 55350.61363680 26.982
  71  43.350202  66.060210     3.711     3.736  4 55360.52927882 30.284
  72  43.351426  66.060380     3.136     3.673  4 55370.44491877 27.421
  73  43.353618  66.060783     0.556    -0.231  4 55380.36055733 33.123
  74  43.351126  66.061564    -0.635    -0.614  4 55390.27619477 34.398
  75  43.354988  66.061531    -0.914    -0.950  4 55400.19183168 36.778
  76  43.350591  66.060427     2.998     2.895  4 55410.10747915 27.256
  77  43.347026  66.058424     4.144     4.106  4 55420.02312917 44.766
  78  43.345423  66.057009     2.971     2.956  4 55429.93877616 32.328
  79  43.349392  66.057060    -0.294    -0.296  4 55439.85442112 46.715
  80  43.347997  66.058252    -0.268    -0.292  4 55449.77006410 40.783
  81  43.347164  66.058931    -0.919    -0.866  4 55459.68570669 47.700
  82  43.345914  66.058462     3.104     2.863  4 55469.60134837 35.396
  83  43.346048  66.057313     3.839     3.898  4 55479.51698703 38.796
  84  43.346696  66.056661     8.650     8.612  4 55489.43262297 30.085
  85  43.348250  66.057145    -0.098    -0.122  4 55499.34825674 49.563
  86  43.346081  66.058676    -0.245    -0.216  4 55509.26389679 48.747
  87  43.352955  66.059522    -0.766    -0.767  4 55519.17954742 48.333
  88  43.351778  66.060069     0.799     0.758  4 55529.09519641 43.669
  89  43.353231  66.059914     3.244     3.251  4 55539.01084384 34.658
  90  43.349084  66.060094     1.954     1.949  4 55548.92648850 27.334
  91  43.352792  66.060584     3.362     3.526  4 55558.84213214 18.793
  92  43.353558  66.061500    -0.583    -0.581  4 55568.75777461 21.563
  93  43.355252  66.061375     0.994     1.258  4 55578.67341632 18.145
  94  43.351572  66.059840     5.261     4.424  4 55588.58905517 16.293
  95  43.347626  66.057604     8.567     8.637  4 55598.50469096 15.949
  96  43.346373  66.056427     6.992     5.933  3 55608.42032443 16.074
  97  43.349532  66.057056    12.330    12.307  4 55618.33595644 13.492
  98  43.348188  66.059027     4.945     4.050  4 55628.25160323 17.244
  99  43.347703  66.059830     6.143     6.052  4 55638.16725446 15.889
 100  43.346941  66.058870    11.669    11.309  4 55648.08290359 13.528
 101  43.344620  66.056933     2.486     2.456  4 55657.99854963 36.338
 102  43.344713  66.056010     3.901     3.876  4 55667.91419178 39.083
 103  43.348657  66.056984     3.273     3.612  4 55677.82983161 40.381
 104  43.352608  66.059096     0.963    -0.144  4 55687.74546948 48.530
 105  43.350549  66.060829    -0.166    -0.161  4 55697.66110553 47.533
 106  43.353820  66.060861    -0.967    -0.913  4 55707.57674114 50.575
 107  43.349037  66.060145     3.468     3.444  4 55717.49239193 29.919
 108  43.351840  66.059754     3.496     3.436  4 55727.40804068 35.122
 109  43.353134  66.060464     1.940     1.651  4 55737.32368765 29.712
 110  43.354663  66.061410     2.122     1.674  4 55747.23933339 30.300
 111  43.353223  66.061307    -0.236    -0.238  4 55757.15497679 42.856
 112  43.347474  66.059732    -1.351    -1.410  4 55767.07061720 45.177
 113  43.347613  66.057273     0.559    -0.306  3 55776.98625516 34.515
 114  43.344347  66.056065     1.617     1.635  3 55786.90189010 36.432
 115  43.346219  66.057102     1.160     1.111  4 55796.81752378 43.796
 116  43.351024  66.058899     3.878     3.920  4 55806.73316601 31.240
 117  43.351061  66.060044     0.145     0.045  5 55816.64881501 50.111
 118  43.351933  66.058959    -0.014    -0.543  4 55826.56446091 36.121
 119  43.345918  66.057309     0.719    -0.170  4 55836.48010180 39.751
 120  43.344475  66.056175     3.428     3.457  3 55846.39573984 28.323
 121  43.345447  66.057426     2.228     1.945  4 55856.31137552 33.632
 122  43.352703  66.059543     2.009     1.336  4 55866.22701882 45.481
 123  43.351366  66.061389     1.259     0.432  4 55876.14267122 41.129
 133  43.346877  66.056861     0.846     0.824  3 55975.29910326 32.736
 134  43.351792  66.058936     7.907     7.967  4 55985.21473998 17.662
 135  43.349000  66.060356     5.273     5.393  4 55995.13037415 18.080
 136  43.349978  66.059266     6.553     6.152  4 56005.04602639 17.286
 137  43.347431  66.057177    10.732    11.697  4 56014.96167442 14.716
 139  43.346277  66.057616     0.554     0.559  4 56034.79296261 27.910
 141  43.353216  66.061661     3.961     3.975  4 56054.62424250 40.001
 142  43.353350  66.061814     0.234     0.247  4 56064.53987708 44.039
 143  43.348626  66.060866    -0.974    -0.956  4 56074.45552061 47.706
 144  43.350469  66.060098     0.475    -0.453  4 56084.37117044 39.329
 145  43.348470  66.060223     1.959     1.292  4 56094.28681755 35.992
 146  43.351261  66.060631     3.704     3.671  5 56104.20246295 28.033
 147  43.349775  66.060271     2.360     1.827  4 56114.11809348 38.141
 148  43.347524  66.059258     0.224     0.207  4 56124.03373175 46.447
 149  43.348574  66.057576    -0.602    -0.570  4 56133.94936635 41.796
 150  43.347219  66.056838    -0.524    -0.591  3 56143.86500564 44.282
 151  43.349433  66.057216     3.180     3.849  4 56153.78065621 30.251
 152  43.349541  66.058604     3.639     3.767  4 56163.69630526 29.723
 153  43.352719  66.059434     2.828     2.798  4 56173.61195252 36.460
 154  43.348083  66.059268     0.792     0.580  4 56183.52759402 47.137
 155  43.349733  66.057926    -0.556    -0.568  4 56193.44323238 45.183
 156  43.347437  66.057327     3.244     3.241  4 56203.35886760 32.828
 157  43.350403  66.058291     2.660     3.513  4 56213.27450164 36.485
 158  43.350217  66.060561     3.757     3.711  4 56223.19013457 33.040
 159  43.354456  66.061859     2.055     2.107  4 56233.10579119 48.129
 160  43.353866  66.061896     0.322     0.295  4 56243.02144337 47.109
 161  43.349131  66.061093     0.219    -0.109  4 56252.93709060 42.382
 162  43.351287  66.060283    -0.726    -0.724  5 56262.85273395 43.060
 164  43.353089  66.060221     1.329     1.362  4 56282.68401781 29.473
 165  43.352100  66.059680     5.498     4.731  4 56292.59966954 20.209
 166  43.346189  66.058508     8.768     8.735  4 56302.51531639 18.760
 167  43.347279  66.057237    12.533    12.520  3 56312.43095968 16.797
 168  43.346071  66.057171    12.864    12.794  4 56322.34660060 15.754
 169  43.345550  66.058195    12.726    12.705  4 56332.26224102 15.420
 170  43.349379  66.059015     5.654     5.589  4 56342.17788139 20.204
 171  43.349443  66.059311    12.517    12.521  4 56352.09351913 13.034
 172  43.351226  66.058595     9.410    10.147  4 56362.00915984 14.866
 173  43.349847  66.057949    12.734    12.791  4 56371.92480905 12.530
 174  43.347541  66.058316    12.711    12.760  4 56381.84045549 13.803
 175  43.349943  66.059586    10.461    10.453  4 56391.75610019 15.533
 176  43.349624  66.060896     3.277     3.370  4 56401.67174301 41.611
 177  43.354149  66.061401     3.909     3.892  4 56411.58738353 41.454
 178  43.354002  66.061277     4.051     4.003  4 56421.50301869 36.073
 179  43.353142  66.060972     3.730     3.874  4 56431.41865809 31.325
 180  43.349156  66.060835     3.423     3.409  4 56441.33431055 34.996
 181  43.349621  66.060691    -0.828    -0.804  4 56451.24996092 47.658
 182  43.352200  66.059976     3.307     3.772  4 56461.16560916 30.269
 183  43.351959  66.058721     3.768     3.752  4 56471.08125386 30.712
 184  43.350589  66.057651     2.947     2.929  4 56480.99689483 31.249
 185  43.344848  66.057556     0.742     0.175  4 56490.91253150 50.166
 187  43.347143  66.059188    -0.471    -0.540  4 56510.74379953 48.716
 188  43.352267  66.059382     3.531     3.655  4 56520.65944402 29.616
 189  43.347085  66.059134     3.701     3.750  4 56530.57509683 32.312
 191  43.351620  66.058162     1.230     0.870  4 56550.40639177 46.707
 192  43.349304  66.059211     2.243     2.997  4 56560.32203436 33.252
 193  43.354252  66.060515     1.761     1.690  4 56570.23767659 35.559
 194  43.353449  66.061790    -1.187    -1.214  4 56580.15331692 46.752
 195  43.352209  66.061844     3.264     3.212  4 56590.06895323 52.713
 196  43.350146  66.061022     3.961     3.946  4 56599.98459932 50.584
 197  43.351484  66.060199     2.209     2.169  4 56609.90024993 48.162
 198  43.350483  66.060618    -0.210    -0.234  4 56619.81589549 44.058
 199  43.350098  66.061140    -0.387    -0.269  4 56629.73153795 43.256
 200  43.354367  66.060519    -0.604    -0.710  4 56639.64717752 36.833
 201  43.347139  66.058948     2.796     2.822  4 56649.56282239 43.129
 202  43.345025  66.057100     4.176     4.208  4 56659.47847330 36.286
 203  43.346344  66.056747     2.497     2.011  3 56669.39412069 33.213
 205  43.352691  66.059849     4.558     4.523  4 56689.22540955 22.115
 206  43.351716  66.060101     6.565     6.508  4 56699.14105011 16.437
 207  43.349794  66.058979     4.800     4.768  4 56709.05668595 19.469
 208  43.348676  66.057931     3.550     3.762  4 56718.97232543 33.120
 209  43.346148  66.058265     3.992     3.850  4 56728.88797763 30.212
 211  43.355197  66.061805     7.487     7.139  4 56748.71927149 16.397
 212  43.350002  66.062608    11.618    11.745  4 56758.63491100 20.236
 213  43.351546  66.061774     4.248     4.039  4 56768.55054501 33.122
 214  43.352824  66.060293     3.485     3.502  4 56778.46619257 35.659
 215  43.349265  66.059820     3.014     3.085  4 56788.38184811 43.156
 216  43.353450  66.060081     4.083     4.078  4 56798.29750087 34.290
 217  43.353212  66.060828     0.130     0.131  4 56808.21314747 49.390
 219  43.346670  66.058956     3.593     3.469  4 56828.04442497 31.522
 220  43.347952  66.057039     1.476     1.470  4 56837.96005913 48.399
 221  43.348847  66.056937     3.528     3.539  4 56847.87569040 27.400
 222  43.347158  66.058395     2.366     2.570  4 56857.79134315 32.338
 223  43.350842  66.060176     1.686     1.650  4 56867.70699687 32.877
 224  43.351439  66.060523    -0.444    -0.602  5 56877.62264859 43.351
 225  43.348366  66.059522     3.263     3.170  4 56887.53829680 32.454
 226  43.346367  66.058069     3.559     3.634  4 56897.45394243 27.916
 227  43.345590  66.058249     3.592     3.627  4 56907.36958545 33.022
 228  43.351858  66.060016     1.599     1.598  4 56917.28522698 51.903
 229  43.350975  66.062388    -0.036     0.039  4 56927.20086590 37.108
 230  43.354323  66.063166     0.816    -0.126  4 56937.11650149 39.051
 231  43.354719  66.062095    -0.953    -1.049  4 56947.03213217 45.306
 232  43.348851  66.060156     0.973     0.978  4 56956.94778578 43.650
 233  43.350208  66.059043     3.618     3.595  4 56966.86343452 51.205
 234  43.352528  66.059702     1.818     1.855  4 56976.77907915 45.660
 235  43.350236  66.061037     0.542     0.547  4 56986.69471884 47.079
 236  43.350247  66.061000    -0.189    -0.151  4 56996.61035296 41.856
 237  43.351472  66.059117    -1.171    -1.128  4 57006.52599796 42.840
 238  43.347726  66.057039    -0.796    -0.778  4 57016.44165189 46.423
 239  43.344291  66.056706     0.374     0.349  4 57026.35730203 39.302
 240  43.350355  66.058294     1.589     1.523  4 57036.27295104 38.406
 241  43.351784  66.060224     1.000     1.008  4 57046.18859705 41.985
 242  43.351607  66.060898     0.586     0.611  5 57056.10423951 38.636
 243  43.350579  66.059763    -0.614    -0.601  5 57066.01987673 38.668
 244  43.348299  66.058918     1.278     1.284  4 57075.93550932 36.415
 245  43.352020  66.059156    -0.504    -0.611  4 57085.85113936 39.913
 246  43.351565  66.060965     2.213     2.111  4 57095.76679629 32.809
 247  43.350427  66.062729     1.997     1.374  4 57105.68245242 36.494
 248  43.351437  66.063139     0.301     0.240  4 57115.59810421 42.207
 249  43.351581  66.061797     1.294     1.237  4 57125.51374971 37.850
 250  43.348145  66.060165     3.962     3.953  4 57135.42938960 31.659
